
%liczba neuronów ukrytych: 6, liczba wejœæ sieci: 4
%wejœcie 1: u(k-3)
%wejœcie 2: u(k-4)
%wejœcie 3: y(k-1)
%wejœcie 4: y(k-2)
%uczenie w trybie OE
w10(1,1)=-2.0138182391e-001; w1(1,1)=3.3048888540e-001; w1(1,2)=1.2754996376e-001; w1(1,3)=-1.8475256589e+000; w1(1,4)=1.6119086942e+000; 
w10(2,1)=3.5102072535e-001; w1(2,1)=4.4421585137e-001; w1(2,2)=-8.0453700366e-001; w1(2,3)=-2.7374333830e-001; w1(2,4)=-3.4909444972e-002; 
w10(3,1)=1.5536782108e-001; w1(3,1)=1.1045482351e+000; w1(3,2)=1.4445649163e+000; w1(3,3)=9.2834408224e-001; w1(3,4)=5.3174846135e-001; 
w10(4,1)=-1.8035497708e-001; w1(4,1)=-1.8182019939e+000; w1(4,2)=-8.8986637192e-001; w1(4,3)=-1.4447963896e+000; w1(4,4)=-2.9174629807e-002; 
w10(5,1)=-1.8495067414e-001; w1(5,1)=-4.6303105948e-001; w1(5,2)=3.9138435329e-001; w1(5,3)=2.8599419957e-001; w1(5,4)=-5.9399049512e-001; 
w10(6,1)=2.9956280338e-001; w1(6,1)=2.0185164346e-001; w1(6,2)=1.2359595777e+000; w1(6,3)=1.1907116864e+000; w1(6,4)=2.4570003232e-001; 
w20=-2.0737018729e-001; w2(1)=-1.0208895483e+000; w2(2)=-9.2400049984e-001; w2(3)=2.8653195144e-001; w2(4)=2.7617797073e-001; w2(5)=-1.9317160735e+000; w2(6)=-1.0724511124e-001; 

