
%liczba neuronów ukrytych: 9, liczba wejœæ sieci: 4
%wejœcie 1: u(k-3)
%wejœcie 2: u(k-4)
%wejœcie 3: y(k-1)
%wejœcie 4: y(k-2)
%uczenie w trybie OE
w10(1,1)=7.3329127061e-002; w1(1,1)=4.3896105462e-002; w1(1,2)=7.1821460136e-002; w1(1,3)=-2.8934785365e-002; w1(1,4)=-1.3140536458e-001; 
w10(2,1)=-3.1819607377e-001; w1(2,1)=1.3112657206e-001; w1(2,2)=2.0736677527e-001; w1(2,3)=-1.4429510680e-001; w1(2,4)=-2.7584345540e-001; 
w10(3,1)=4.7193167147e-001; w1(3,1)=-2.3525292541e-001; w1(3,2)=-3.2862485855e-001; w1(3,3)=1.7281154703e-001; w1(3,4)=2.5654152220e-001; 
w10(4,1)=-2.6298872571e-002; w1(4,1)=-1.7239508789e-001; w1(4,2)=-9.4030393891e-002; w1(4,3)=-4.5036128328e-002; w1(4,4)=-3.5012731160e-001; 
w10(5,1)=2.0832242054e-002; w1(5,1)=6.0138108465e-002; w1(5,2)=-9.7585654108e-003; w1(5,3)=-9.4500077118e-002; w1(5,4)=-6.8559615543e-002; 
w10(6,1)=2.0289665258e-001; w1(6,1)=5.6698149645e-002; w1(6,2)=-1.7512921308e-001; w1(6,3)=4.6318768387e-002; w1(6,4)=3.7991303197e-001; 
w10(7,1)=-1.9297157133e-002; w1(7,1)=-2.9981024770e-002; w1(7,2)=-1.2190322081e-001; w1(7,3)=-1.4655178944e-001; w1(7,4)=-2.4027718332e-001; 
w10(8,1)=-5.2304987018e-005; w1(8,1)=-1.4590062836e-001; w1(8,2)=-5.7554124534e-002; w1(8,3)=7.1502997467e-002; w1(8,4)=2.0292646239e-001; 
w10(9,1)=5.0784134936e-002; w1(9,1)=3.3252524547e-003; w1(9,2)=1.6670631416e-001; w1(9,3)=2.6348337001e-002; w1(9,4)=7.5255040328e-002; 
w20=-4.1726815417e-001; w2(1)=-8.9811863471e-002; w2(2)=-4.2343160514e-001; w2(3)=4.4145300419e-001; w2(4)=-4.1760806383e-001; w2(5)=-1.0699544387e-001; w2(6)=4.7413371577e-001; w2(7)=-2.9898057067e-001; w2(8)=1.9172428272e-001; w2(9)=8.2909596754e-002; 

