
%liczba neuronów ukrytych: 8, liczba wejœæ sieci: 4
%wejœcie 1: u(k-3)
%wejœcie 2: u(k-4)
%wejœcie 3: y(k-1)
%wejœcie 4: y(k-2)
%uczenie w trybie OE
w10(1,1)=-9.1956787355e-002; w1(1,1)=-3.3899556753e-002; w1(1,2)=-1.4856155239e-001; w1(1,3)=-4.9926363371e-002; w1(1,4)=8.0518995405e-002; 
w10(2,1)=-4.3242321250e-002; w1(2,1)=7.0201309514e-003; w1(2,2)=-8.3007134357e-002; w1(2,3)=1.0192413828e-001; w1(2,4)=2.0481467604e-001; 
w10(3,1)=-4.6658735724e-003; w1(3,1)=-7.3203141584e-002; w1(3,2)=-1.0051020708e-002; w1(3,3)=-7.2607668629e-002; w1(3,4)=-2.4743604198e-001; 
w10(4,1)=3.9467279513e-001; w1(4,1)=-1.3612098055e-001; w1(4,2)=-1.8959032140e-001; w1(4,3)=8.0211398050e-002; w1(4,4)=4.3331250765e-001; 
w10(5,1)=5.0193367958e-001; w1(5,1)=-8.6760213650e-002; w1(5,2)=-2.2391323644e-001; w1(5,3)=1.3078817796e-001; w1(5,4)=3.9709893875e-001; 
w10(6,1)=4.3569974314e-002; w1(6,1)=1.9451552558e-002; w1(6,2)=-1.1596887559e-002; w1(6,3)=1.6324388049e-001; w1(6,4)=2.4528258281e-001; 
w10(7,1)=-6.0525416612e-002; w1(7,1)=5.2379281314e-002; w1(7,2)=-1.6567120917e-001; w1(7,3)=1.0872058509e-001; w1(7,4)=1.7620562329e-001; 
w10(8,1)=-1.7727337039e-002; w1(8,1)=1.1025453676e-001; w1(8,2)=-6.7953003603e-002; w1(8,3)=7.5510724869e-002; w1(8,4)=1.9104472338e-001; 
w20=-4.0824588873e-001; w2(1)=2.6080224215e-002; w2(2)=2.2818932555e-001; w2(3)=-2.9511942440e-001; w2(4)=4.7981872074e-001; w2(5)=5.5406724895e-001; w2(6)=3.1568822565e-001; w2(7)=2.1139242834e-001; w2(8)=2.3383787747e-001; 

