
%liczba neuronów ukrytych: 8, liczba wejœæ sieci: 4
%wejœcie 1: u(k-3)
%wejœcie 2: u(k-4)
%wejœcie 3: y(k-1)
%wejœcie 4: y(k-2)
%uczenie w trybie OE
w10(1,1)=-2.9322394160e-002; w1(1,1)=-1.0037836451e-001; w1(1,2)=-1.9622617410e-002; w1(1,3)=-7.9741833020e-002; w1(1,4)=-1.5022914918e-001; 
w10(2,1)=-1.1855713283e-002; w1(2,1)=-1.0200799362e-001; w1(2,2)=1.2343267968e-001; w1(2,3)=-5.8921789326e-002; w1(2,4)=-1.4592504279e-001; 
w10(3,1)=5.6050902123e-001; w1(3,1)=-2.2691364510e-001; w1(3,2)=-3.8663518001e-001; w1(3,3)=1.0380458891e-001; w1(3,4)=3.1990594200e-001; 
w10(4,1)=-5.4377751510e-002; w1(4,1)=-1.7552485150e-001; w1(4,2)=-1.2923387180e-002; w1(4,3)=-1.5979451441e-001; w1(4,4)=-2.7121170948e-001; 
w10(5,1)=8.8280837082e-002; w1(5,1)=-6.9899254016e-002; w1(5,2)=1.4652230510e-001; w1(5,3)=-6.1702603880e-002; w1(5,4)=-1.8644178117e-001; 
w10(6,1)=-5.2562624264e-002; w1(6,1)=-5.4915389910e-002; w1(6,2)=-2.4154646679e-004; w1(6,3)=-1.6134459619e-001; w1(6,4)=-2.1204835668e-001; 
w10(7,1)=5.7303804638e-002; w1(7,1)=7.2308604535e-002; w1(7,2)=3.3093507227e-002; w1(7,3)=1.2150598048e-001; w1(7,4)=3.5429602569e-001; 
w10(8,1)=3.1232250203e-002; w1(8,1)=-1.5004738960e-001; w1(8,2)=-2.0741001694e-001; w1(8,3)=4.3938265746e-002; w1(8,4)=2.9853183607e-001; 
w20=-3.4721862052e-001; w2(1)=-1.8496382235e-001; w2(2)=-2.0295907539e-001; w2(3)=5.9149494807e-001; w2(4)=-3.5587356289e-001; w2(5)=-1.9923494813e-001; w2(6)=-2.9573914817e-001; w2(7)=4.1378631275e-001; w2(8)=3.2376499122e-001; 

