
%liczba neuronów ukrytych: 2, liczba wejœæ sieci: 4
%wejœcie 1: u(k-3)
%wejœcie 2: u(k-4)
%wejœcie 3: y(k-1)
%wejœcie 4: y(k-2)
%uczenie w trybie OE
w10(1,1)=6.2084069685e-002; w1(1,1)=1.2153900622e-001; w1(1,2)=9.5134108149e-002; w1(1,3)=-1.6435332917e-001; w1(1,4)=-2.8113082067e-001; 
w10(2,1)=-4.6936829420e-001; w1(2,1)=5.2259731610e-003; w1(2,2)=2.5031415031e-001; w1(2,3)=3.4009684201e-002; w1(2,4)=-6.5651319203e-001; 
w20=-5.1858648403e-001; w2(1)=-3.6620842769e-001; w2(2)=-1.2950640790e+000; 

