
%liczba neuronów ukrytych: 9, liczba wejœæ sieci: 4
%wejœcie 1: u(k-3)
%wejœcie 2: u(k-4)
%wejœcie 3: y(k-1)
%wejœcie 4: y(k-2)
%uczenie w trybie OE
w10(1,1)=-6.0642264828e-001; w1(1,1)=1.2939685202e-001; w1(1,2)=3.3374553151e-001; w1(1,3)=-1.2249857811e-001; w1(1,4)=-3.6771174250e-001; 
w10(2,1)=-1.7751013029e-001; w1(2,1)=-3.2298911267e-002; w1(2,2)=2.2806054198e-001; w1(2,3)=-1.9053139130e-001; w1(2,4)=-2.5945550686e-001; 
w10(3,1)=-5.0005962398e-002; w1(3,1)=-9.2558494489e-002; w1(3,2)=-2.6591072536e-001; w1(3,3)=5.4806494694e-002; w1(3,4)=1.3353905474e-001; 
w10(4,1)=2.7381354063e-002; w1(4,1)=1.8245182489e-001; w1(4,2)=2.1873650989e-002; w1(4,3)=1.9246480461e-001; w1(4,4)=2.3894663102e-001; 
w10(5,1)=-1.6894295473e-002; w1(5,1)=-2.9894973976e-002; w1(5,2)=4.7364888773e-002; w1(5,3)=-2.4859357193e-002; w1(5,4)=-1.8036463212e-001; 
w10(6,1)=-1.4313659288e-001; w1(6,1)=-1.0587760235e-001; w1(6,2)=9.6942647183e-002; w1(6,3)=-1.3376455479e-001; w1(6,4)=-3.7348919965e-001; 
w10(7,1)=-1.9155817039e-002; w1(7,1)=6.5954129594e-002; w1(7,2)=-7.5631289052e-002; w1(7,3)=4.6154795223e-002; w1(7,4)=8.7000906593e-002; 
w10(8,1)=7.4898999822e-002; w1(8,1)=-3.2490590636e-002; w1(8,2)=3.5220531751e-002; w1(8,3)=2.2455091579e-002; w1(8,4)=-1.0062449645e-001; 
w10(9,1)=1.7574101157e-001; w1(9,1)=-9.5766409282e-002; w1(9,2)=-2.3235016311e-001; w1(9,3)=1.5847107267e-001; w1(9,4)=2.5631801499e-001; 
w20=-4.3483889064e-001; w2(1)=-5.0730938719e-001; w2(2)=-3.3308363265e-001; w2(3)=4.4210611767e-002; w2(4)=3.5895174097e-001; w2(5)=-1.5328428098e-001; w2(6)=-4.4976295566e-001; w2(7)=1.1738462621e-001; w2(8)=-8.4273428518e-002; w2(9)=2.8496727980e-001; 

