
%liczba neuronów ukrytych: 2, liczba wejœæ sieci: 4
%wejœcie 1: u(k-3)
%wejœcie 2: u(k-4)
%wejœcie 3: y(k-1)
%wejœcie 4: y(k-2)
%uczenie w trybie OE
w10(1,1)=3.4137814128e-001; w1(1,1)=3.5729609106e+000; w1(1,2)=6.5235854176e+000; w1(1,3)=2.3340960798e+001; w1(1,4)=-2.0088844752e+001; 
w10(2,1)=2.9387247803e-001; w1(2,1)=5.0702602559e-002; w1(2,2)=-6.5853628828e-002; w1(2,3)=5.1286403871e-001; w1(2,4)=-1.1087443603e-001; 
w20=-6.9085157553e-001; w2(1)=-6.1206131450e-002; w2(2)=2.4846654039e+000; 

