
%liczba neuronów ukrytych: 4, liczba wejœæ sieci: 4
%wejœcie 1: u(k-3)
%wejœcie 2: u(k-4)
%wejœcie 3: y(k-1)
%wejœcie 4: y(k-2)
%uczenie w trybie OE
w10(1,1)=7.4725636467e-002; w1(1,1)=-1.0346000059e+000; w1(1,2)=-9.5650547968e-001; w1(1,3)=-4.1184433316e-002; w1(1,4)=-3.1301536899e-002; 
w10(2,1)=3.2121852531e-002; w1(2,1)=8.5024613255e-001; w1(2,2)=7.7530169466e-001; w1(2,3)=-1.1831615659e-001; w1(2,4)=-6.9822261586e-002; 
w10(3,1)=1.5489313662e-002; w1(3,1)=1.4797395932e-001; w1(3,2)=8.9237269580e-002; w1(3,3)=7.9012619057e-002; w1(3,4)=4.6118888923e-001; 
w10(4,1)=-1.6665995078e-001; w1(4,1)=1.2358243545e-001; w1(4,2)=3.9465338959e-001; w1(4,3)=-2.5303668513e-002; w1(4,4)=-2.8121436380e-001; 
w20=-2.5598487205e-001; w2(1)=5.5504952421e-001; w2(2)=6.1890357151e-001; w2(3)=1.2864307459e+000; w2(4)=-1.1053997027e+000; 

