
%liczba neuronów ukrytych: 7, liczba wejœæ sieci: 4
%wejœcie 1: u(k-3)
%wejœcie 2: u(k-4)
%wejœcie 3: y(k-1)
%wejœcie 4: y(k-2)
%uczenie w trybie ARX
w10(1,1)=-6.0282561950e-003; w1(1,1)=3.4185870975e-001; w1(1,2)=3.5091596030e-001; w1(1,3)=-1.2646073145e+000; w1(1,4)=-1.1958568010e+000; 
w10(2,1)=7.0424916217e-001; w1(2,1)=4.2787348767e-001; w1(2,2)=3.3787007663e-001; w1(2,3)=4.2406711204e-001; w1(2,4)=-7.8739032087e-001; 
w10(3,1)=-1.1440259696e+000; w1(3,1)=4.3016137653e-001; w1(3,2)=6.0500337068e-001; w1(3,3)=3.1424463000e-001; w1(3,4)=3.2562956865e-001; 
w10(4,1)=2.0316137589e+000; w1(4,1)=-1.5441588290e-001; w1(4,2)=9.9097860055e-001; w1(4,3)=7.7821142990e-001; w1(4,4)=-7.4392044577e-002; 
w10(5,1)=9.1551326647e-001; w1(5,1)=3.9066212185e-001; w1(5,2)=1.1956320853e-001; w1(5,3)=7.9655627886e-001; w1(5,4)=-1.4829331353e+000; 
w10(6,1)=-8.1814392671e-002; w1(6,1)=1.9184934497e-001; w1(6,2)=3.5917406955e-001; w1(6,3)=-4.9802172539e-001; w1(6,4)=2.8580229587e-001; 
w10(7,1)=6.9543924432e-001; w1(7,1)=2.1018356087e-001; w1(7,2)=1.1350174504e-004; w1(7,3)=-2.5069564253e-001; w1(7,4)=9.0732722365e-001; 
w20=-8.4846671045e-001; w2(1)=-1.8062649630e-002; w2(2)=1.0288920083e+000; w2(3)=7.6815233154e-001; w2(4)=9.8825366739e-001; w2(5)=-8.3722988424e-001; w2(6)=-1.7246726763e+000; w2(7)=6.0066809973e-001; 

