
%liczba neuronów ukrytych: 5, liczba wejœæ sieci: 4
%wejœcie 1: u(k-3)
%wejœcie 2: u(k-4)
%wejœcie 3: y(k-1)
%wejœcie 4: y(k-2)
%uczenie w trybie OE
w10(1,1)=-3.6668086093e-001; w1(1,1)=1.0966620061e-002; w1(1,2)=2.1338825172e-001; w1(1,3)=-1.3909611788e-001; w1(1,4)=-3.3698974074e-001; 
w10(2,1)=-2.7175783457e-002; w1(2,1)=-1.8793365591e-001; w1(2,2)=-4.8981835275e-002; w1(2,3)=-2.1089279542e-001; w1(2,4)=-3.1127417080e-001; 
w10(3,1)=-1.6999468862e-001; w1(3,1)=-9.4555804209e-002; w1(3,2)=9.6177369742e-002; w1(3,3)=-1.9225982056e-001; w1(3,4)=-3.1368110008e-001; 
w10(4,1)=4.0924599625e-001; w1(4,1)=-3.1435199149e-001; w1(4,2)=-3.8378268667e-001; w1(4,3)=1.0672278310e-001; w1(4,4)=2.2506422437e-001; 
w10(5,1)=5.5467611932e-002; w1(5,1)=-3.1027074026e-002; w1(5,2)=8.2666815376e-002; w1(5,3)=1.3217356090e-002; w1(5,4)=-5.3643752267e-002; 
w20=-4.6662484153e-001; w2(1)=-5.9051918840e-001; w2(2)=-4.8601211385e-001; w2(3)=-5.4477511217e-001; w2(4)=4.4049600867e-001; w2(5)=3.0722519724e-003; 

