
%liczba neuronów ukrytych: 7, liczba wejœæ sieci: 4
%wejœcie 1: u(k-3)
%wejœcie 2: u(k-4)
%wejœcie 3: y(k-1)
%wejœcie 4: y(k-2)
%uczenie w trybie OE
w10(1,1)=-7.5625164159e-001; w1(1,1)=1.3762244691e-001; w1(1,2)=-3.3311008045e-001; w1(1,3)=-2.6083530580e-001; w1(1,4)=-2.0941700892e-001; 
w10(2,1)=2.2042748286e-001; w1(2,1)=-9.9415240853e-001; w1(2,2)=-4.7650235243e-001; w1(2,3)=5.2459938128e-001; w1(2,4)=-2.9066114700e-001; 
w10(3,1)=1.2815202561e-001; w1(3,1)=-1.3575915156e-002; w1(3,2)=-4.4540610363e-001; w1(3,3)=-6.9488243569e-001; w1(3,4)=-2.8033133885e-001; 
w10(4,1)=-6.6329784829e-002; w1(4,1)=-2.0367815065e-001; w1(4,2)=4.9144924053e-001; w1(4,3)=-7.0091158458e-001; w1(4,4)=5.0777507708e-001; 
w10(5,1)=7.9927329573e-002; w1(5,1)=-2.1785969990e-001; w1(5,2)=-1.0745267226e+000; w1(5,3)=-5.5897787497e-001; w1(5,4)=9.2572581067e-001; 
w10(6,1)=5.0924621112e-002; w1(6,1)=-5.0829956756e-001; w1(6,2)=-1.2631888229e+000; w1(6,3)=-2.3865285220e-001; w1(6,4)=1.9397787442e-001; 
w10(7,1)=1.2916826273e+000; w1(7,1)=6.4410764536e-001; w1(7,2)=-1.2308047432e+000; w1(7,3)=-1.0042465941e+000; w1(7,4)=-1.1416963823e-002; 
w20=-5.7534568471e-001; w2(1)=-1.3932941761e+000; w2(2)=1.1784462093e-001; w2(3)=-2.2877691384e-001; w2(4)=-1.4245506326e+000; w2(5)=-1.6172651046e-001; w2(6)=2.7113810093e-002; w2(7)=-4.5804798804e-001; 

