
%liczba neuronów ukrytych: 7, liczba wejœæ sieci: 4
%wejœcie 1: u(k-3)
%wejœcie 2: u(k-4)
%wejœcie 3: y(k-1)
%wejœcie 4: y(k-2)
%uczenie w trybie OE
w10(1,1)=-3.5832746290e-001; w1(1,1)=4.1407499625e-003; w1(1,2)=1.9787907642e-001; w1(1,3)=-1.2920827731e-001; w1(1,4)=-3.6932873339e-001; 
w10(2,1)=-1.0941048042e-001; w1(2,1)=-3.8409645926e-002; w1(2,2)=-8.5839275929e-002; w1(2,3)=3.8362051847e-002; w1(2,4)=1.4396965988e-001; 
w10(3,1)=-8.4843647775e-003; w1(3,1)=8.2084798606e-002; w1(3,2)=7.6123515176e-002; w1(3,3)=1.7130634894e-001; w1(3,4)=1.9969574682e-001; 
w10(4,1)=-3.9374021568e-001; w1(4,1)=2.3535731309e-001; w1(4,2)=2.9242375532e-001; w1(4,3)=-9.1327326575e-002; w1(4,4)=-3.2069431767e-001; 
w10(5,1)=-3.0030927096e-002; w1(5,1)=-1.3388937949e-002; w1(5,2)=-7.2822450331e-002; w1(5,3)=1.1909267723e-001; w1(5,4)=1.1138295638e-001; 
w10(6,1)=-1.0682890424e-002; w1(6,1)=-2.0177675088e-001; w1(6,2)=-1.0068350592e-001; w1(6,3)=-8.5405397257e-002; w1(6,4)=-1.3257989755e-001; 
w10(7,1)=1.0046710905e-002; w1(7,1)=1.3014762677e-001; w1(7,2)=-6.4236052713e-002; w1(7,3)=1.2050019001e-001; w1(7,4)=2.2714019585e-001; 
w20=-4.2267799684e-001; w2(1)=-7.2726720559e-001; w2(2)=1.7091298894e-001; w2(3)=3.5385259629e-001; w2(4)=-5.6279520622e-001; w2(5)=1.6068424572e-001; w2(6)=-2.1351650422e-001; w2(7)=3.0281251132e-001; 

