
%liczba neuronów ukrytych: 2, liczba wejœæ sieci: 4
%wejœcie 1: u(k-3)
%wejœcie 2: u(k-4)
%wejœcie 3: y(k-1)
%wejœcie 4: y(k-2)
%uczenie w trybie ARX
w10(1,1)=3.2247211945e-001; w1(1,1)=-2.1215632683e-002; w1(1,2)=-3.1727771785e-002; w1(1,3)=5.4028050820e-001; w1(1,4)=-1.5324326431e-001; 
w10(2,1)=-1.3985213497e+000; w1(2,1)=8.9843527861e-001; w1(2,2)=6.8638783270e-002; w1(2,3)=-2.9801851191e+000; w1(2,4)=6.4341491720e+000; 
w20=-7.3116892118e-001; w2(1)=2.5129358241e+000; w2(2)=6.1271592856e-002; 

