
%liczba neuronów ukrytych: 10, liczba wejœæ sieci: 4
%wejœcie 1: u(k-3)
%wejœcie 2: u(k-4)
%wejœcie 3: y(k-1)
%wejœcie 4: y(k-2)
%uczenie w trybie OE
w10(1,1)=-6.8453953177e-002; w1(1,1)=-4.9488950381e-002; w1(1,2)=-3.5739718661e-002; w1(1,3)=4.6504211438e-002; w1(1,4)=-1.3742473263e-002; 
w10(2,1)=-2.1183016491e-002; w1(2,1)=2.5421585355e-002; w1(2,2)=-8.3646557160e-002; w1(2,3)=6.7924289665e-002; w1(2,4)=-8.0455500220e-002; 
w10(3,1)=3.8070078952e-002; w1(3,1)=1.3341608117e-001; w1(3,2)=1.2319340224e-001; w1(3,3)=6.9536906892e-002; w1(3,4)=2.5462753200e-001; 
w10(4,1)=3.1418823025e-001; w1(4,1)=-1.0931483178e-001; w1(4,2)=-2.7895695780e-001; w1(4,3)=1.2107861853e-001; w1(4,4)=3.1064091826e-001; 
w10(5,1)=-6.6654973666e-002; w1(5,1)=-1.1493136154e-001; w1(5,2)=-1.2373429936e-001; w1(5,3)=1.2973189177e-001; w1(5,4)=1.5423933741e-002; 
w10(6,1)=6.0756653664e-002; w1(6,1)=3.8286740911e-002; w1(6,2)=5.5235070585e-002; w1(6,3)=-9.5595475950e-002; w1(6,4)=-6.9501941128e-003; 
w10(7,1)=4.5917137663e-002; w1(7,1)=4.0182037663e-002; w1(7,2)=9.8371707773e-002; w1(7,3)=-3.1013093734e-002; w1(7,4)=1.3120439156e-001; 
w10(8,1)=4.7826250904e-001; w1(8,1)=-6.0370175914e-002; w1(8,2)=-1.4792666436e-001; w1(8,3)=1.5506550605e-001; w1(8,4)=4.1534443610e-001; 
w10(9,1)=8.0117858752e-002; w1(9,1)=-3.8708074684e-002; w1(9,2)=-1.2345138116e-001; w1(9,3)=4.8543467849e-002; w1(9,4)=3.4070785717e-001; 
w10(10,1)=-4.2707993095e-002; w1(10,1)=-9.4785065496e-003; w1(10,2)=-3.9266699996e-002; w1(10,3)=9.9030633729e-002; w1(10,4)=1.5844695020e-001; 
w20=-4.8468982340e-001; w2(1)=-7.0407510805e-002; w2(2)=-3.0968241313e-002; w2(3)=2.9825148702e-001; w2(4)=5.0872069617e-001; w2(5)=8.9902331668e-002; w2(6)=-2.8101263872e-002; w2(7)=1.2477306035e-001; w2(8)=6.9218227987e-001; w2(9)=4.0801463039e-001; w2(10)=2.1214127344e-001; 

