
%liczba neuronów ukrytych: 9, liczba wejœæ sieci: 4
%wejœcie 1: u(k-3)
%wejœcie 2: u(k-4)
%wejœcie 3: y(k-1)
%wejœcie 4: y(k-2)
%uczenie w trybie ARX
w10(1,1)=1.5270250620e+000; w1(1,1)=2.4155287770e-001; w1(1,2)=-1.8170355261e-001; w1(1,3)=-6.9630084546e-001; w1(1,4)=-4.8449108864e-001; 
w10(2,1)=5.0588888188e-001; w1(2,1)=-5.0874520084e-001; w1(2,2)=-4.0923495753e-001; w1(2,3)=1.4088283442e-001; w1(2,4)=-4.4819935635e-001; 
w10(3,1)=2.6014715936e-001; w1(3,1)=-2.6701640212e-001; w1(3,2)=-4.1169153779e-001; w1(3,3)=1.0924298290e+000; w1(3,4)=-6.9284998260e-001; 
w10(4,1)=-4.7195784947e-001; w1(4,1)=-1.1846983786e-001; w1(4,2)=-1.5016561598e-001; w1(4,3)=5.0892221513e-001; w1(4,4)=5.7828529776e-001; 
w10(5,1)=4.1991811010e-001; w1(5,1)=-2.0980272502e-001; w1(5,2)=-2.1087927964e-001; w1(5,3)=6.1598363499e-001; w1(5,4)=6.3567804975e-001; 
w10(6,1)=-1.0025070814e+000; w1(6,1)=-8.6387863218e-001; w1(6,2)=-9.8630365581e-001; w1(6,3)=-3.7009280021e-001; w1(6,4)=3.3303427049e-001; 
w10(7,1)=-1.7406737974e-001; w1(7,1)=-8.8536870776e-001; w1(7,2)=-8.5185358508e-001; w1(7,3)=-2.1795193801e+000; w1(7,4)=1.2333550212e+000; 
w10(8,1)=-6.1923968626e-001; w1(8,1)=-4.7683495271e-001; w1(8,2)=1.4810896436e-001; w1(8,3)=-7.7366357891e-001; w1(8,4)=-8.5001430908e-002; 
w10(9,1)=-1.1520018308e+000; w1(9,1)=1.1187145902e-001; w1(9,2)=-6.6950526379e-002; w1(9,3)=-5.3397739682e-001; w1(9,4)=2.8634744656e-002; 
w20=-5.5377572706e-001; w2(1)=-4.6050161327e-001; w2(2)=-6.9857838771e-001; w2(3)=7.7948502184e-001; w2(4)=2.2410390500e-001; w2(5)=3.6698462445e-003; w2(6)=-2.2169169605e-001; w2(7)=3.1244193958e-001; w2(8)=-3.6112495303e-001; w2(9)=-1.0802103445e+000; 

