
%liczba neuronów ukrytych: 5, liczba wejœæ sieci: 4
%wejœcie 1: u(k-3)
%wejœcie 2: u(k-4)
%wejœcie 3: y(k-1)
%wejœcie 4: y(k-2)
%uczenie w trybie ARX
w10(1,1)=1.6643448494e+000; w1(1,1)=-3.3798516835e-001; w1(1,2)=-6.7002476590e-001; w1(1,3)=-8.8890389059e-001; w1(1,4)=-4.7225860934e-002; 
w10(2,1)=7.4752490812e-001; w1(2,1)=-4.8948655184e-003; w1(2,2)=-1.0206224009e-001; w1(2,3)=6.8310332830e-001; w1(2,4)=-8.9176195637e-001; 
w10(3,1)=1.8552335621e-001; w1(3,1)=-1.5919036688e-002; w1(3,2)=-4.9069224970e-001; w1(3,3)=1.3513509730e+000; w1(3,4)=-1.1542036624e+000; 
w10(4,1)=1.2459406000e+000; w1(4,1)=6.4469404554e-002; w1(4,2)=2.6255046296e-001; w1(4,3)=-7.2418745254e-001; w1(4,4)=-1.2157917298e+000; 
w10(5,1)=1.0338375662e+000; w1(5,1)=-3.6553720150e-002; w1(5,2)=2.9828782247e-001; w1(5,3)=9.9523534494e-002; w1(5,4)=2.4593506613e-001; 
w20=2.9756999084e-001; w2(1)=-5.5380726273e-001; w2(2)=-2.5105829688e+000; w2(3)=1.3676626381e+000; w2(4)=1.7924178997e-002; w2(5)=1.9913133572e+000; 

