
%liczba neuronów ukrytych: 10, liczba wejœæ sieci: 4
%wejœcie 1: u(k-3)
%wejœcie 2: u(k-4)
%wejœcie 3: y(k-1)
%wejœcie 4: y(k-2)
%uczenie w trybie ARX
w10(1,1)=1.0390797103e+000; w1(1,1)=7.8878313764e-001; w1(1,2)=1.2246720415e+000; w1(1,3)=-1.9455488698e-001; w1(1,4)=4.0278367578e-002; 
w10(2,1)=4.7254862223e-002; w1(2,1)=7.4039996855e-001; w1(2,2)=9.1410066399e-001; w1(2,3)=1.3324687811e+000; w1(2,4)=-5.4271671791e-001; 
w10(3,1)=5.9810506383e-001; w1(3,1)=2.0326947106e-001; w1(3,2)=4.0124215620e-001; w1(3,3)=-2.1726100572e-001; w1(3,4)=-1.4202398944e-001; 
w10(4,1)=4.3407928865e-001; w1(4,1)=1.0772467232e-001; w1(4,2)=-4.2585409722e-001; w1(4,3)=-4.1222607322e-002; w1(4,4)=-3.7313198755e-001; 
w10(5,1)=-2.2168878498e-001; w1(5,1)=2.2467209973e-001; w1(5,2)=-2.3517836784e-002; w1(5,3)=-3.0171830701e-003; w1(5,4)=-6.4485462836e-001; 
w10(6,1)=-2.4162937739e-001; w1(6,1)=3.1790798811e-001; w1(6,2)=2.4666230720e-001; w1(6,3)=-1.0008012430e+000; w1(6,4)=8.1639964125e-001; 
w10(7,1)=3.6970553322e-002; w1(7,1)=9.8592147912e-002; w1(7,2)=-4.8604584094e-001; w1(7,3)=4.0134908293e-001; w1(7,4)=2.1145387123e-002; 
w10(8,1)=7.4914009481e-001; w1(8,1)=2.4892131932e-001; w1(8,2)=3.8262487444e-002; w1(8,3)=5.3231667870e-001; w1(8,4)=1.0396431534e-001; 
w10(9,1)=-1.6332264902e-001; w1(9,1)=6.1007273925e-001; w1(9,2)=4.9569631524e-001; w1(9,3)=-6.7903330064e-002; w1(9,4)=4.9883470461e-001; 
w10(10,1)=-8.0413666973e-001; w1(10,1)=2.4957222203e-001; w1(10,2)=-4.1554897172e-001; w1(10,3)=-1.9651109506e-001; w1(10,4)=-7.9815701087e-002; 
w20=-2.2210840914e-001; w2(1)=2.0332855600e-001; w2(2)=-7.3823397871e-001; w2(3)=-3.1463922903e-001; w2(4)=-9.2515429205e-001; w2(5)=4.0949034364e-001; w2(6)=-1.1081887392e+000; w2(7)=8.0024003412e-001; w2(8)=5.7428667062e-001; w2(9)=1.1954912808e+000; w2(10)=-4.0947887513e-001; 

