
%liczba neuronów ukrytych: 9, liczba wejœæ sieci: 4
%wejœcie 1: u(k-3)
%wejœcie 2: u(k-4)
%wejœcie 3: y(k-1)
%wejœcie 4: y(k-2)
%uczenie w trybie OE
w10(1,1)=5.9801459574e-002; w1(1,1)=-1.2785488732e-002; w1(1,2)=1.6642435131e-001; w1(1,3)=7.2127742224e-002; w1(1,4)=-8.0953831046e-003; 
w10(2,1)=-8.9374498047e-004; w1(2,1)=6.3278913774e-002; w1(2,2)=2.3451555175e-002; w1(2,3)=8.7777717956e-002; w1(2,4)=3.2365399471e-001; 
w10(3,1)=8.1072580250e-002; w1(3,1)=-8.5698594181e-003; w1(3,2)=1.6835057698e-001; w1(3,3)=-5.1599733320e-002; w1(3,4)=-7.9479099902e-002; 
w10(4,1)=1.3269744757e-001; w1(4,1)=-2.1214094709e-001; w1(4,2)=-1.5963137180e-001; w1(4,3)=1.4730629025e-001; w1(4,4)=2.2426444859e-001; 
w10(5,1)=-1.5015451987e-001; w1(5,1)=-1.5604715693e-001; w1(5,2)=1.1298218507e-001; w1(5,3)=-2.0035619188e-001; w1(5,4)=-3.3320209659e-001; 
w10(6,1)=3.3361188087e-002; w1(6,1)=1.4081483594e-001; w1(6,2)=9.0401385976e-002; w1(6,3)=-1.1847324556e-001; w1(6,4)=-2.4109877249e-002; 
w10(7,1)=5.5133295893e-001; w1(7,1)=-1.2403481401e-001; w1(7,2)=-1.8457563927e-001; w1(7,3)=1.7064976364e-001; w1(7,4)=3.7756983788e-001; 
w10(8,1)=-5.4984938772e-002; w1(8,1)=-2.1052278136e-002; w1(8,2)=-5.7224879400e-002; w1(8,3)=-9.3801492447e-003; w1(8,4)=1.0055411606e-001; 
w10(9,1)=4.9367800593e-002; w1(9,1)=1.1803631077e-001; w1(9,2)=1.5961970461e-001; w1(9,3)=-1.2878789831e-001; w1(9,4)=-7.5764617355e-002; 
w20=-4.3119995652e-001; w2(1)=1.6121444017e-002; w2(2)=4.0183652790e-001; w2(3)=-5.6523507970e-002; w2(4)=2.7486924062e-001; w2(5)=-5.0569697955e-001; w2(6)=-4.9565613629e-002; w2(7)=7.0070085733e-001; w2(8)=1.4242624158e-001; w2(9)=-1.0337639267e-001; 

