
%liczba neuronów ukrytych: 8, liczba wejœæ sieci: 4
%wejœcie 1: u(k-3)
%wejœcie 2: u(k-4)
%wejœcie 3: y(k-1)
%wejœcie 4: y(k-2)
%uczenie w trybie OE
w10(1,1)=-1.5035297265e+000; w1(1,1)=1.1426735342e+000; w1(1,2)=6.0842431799e-001; w1(1,3)=1.0957811773e-002; w1(1,4)=5.9274371434e-001; 
w10(2,1)=5.1114097506e-001; w1(2,1)=-4.6871553648e-001; w1(2,2)=-1.6416408209e-001; w1(2,3)=8.8649465612e-001; w1(2,4)=-6.6436182600e-001; 
w10(3,1)=-7.6009079532e-001; w1(3,1)=2.6370588613e-001; w1(3,2)=2.6204394915e-001; w1(3,3)=1.8701137105e-001; w1(3,4)=-2.2399324012e-001; 
w10(4,1)=1.7117504581e-001; w1(4,1)=3.6039349082e-002; w1(4,2)=-3.2126738899e-002; w1(4,3)=2.9124995363e-001; w1(4,4)=5.0018396013e-001; 
w10(5,1)=-2.1550713271e-001; w1(5,1)=-4.5748888829e-001; w1(5,2)=9.8521426965e-001; w1(5,3)=-9.8420676296e-001; w1(5,4)=6.9091461432e-001; 
w10(6,1)=-1.3846090625e-001; w1(6,1)=-3.5438313207e-001; w1(6,2)=8.6691194973e-001; w1(6,3)=8.2403599983e-001; w1(6,4)=-9.4491328962e-001; 
w10(7,1)=9.3659026640e-001; w1(7,1)=-1.0212251535e-001; w1(7,2)=9.4928390204e-002; w1(7,3)=-6.8160278211e-001; w1(7,4)=-4.6862469762e-001; 
w10(8,1)=-1.1702312208e+000; w1(8,1)=-3.4539411174e-002; w1(8,2)=-2.8814636037e-003; w1(8,3)=-3.0757059719e-001; w1(8,4)=-3.2234016687e-001; 
w20=-8.7907621490e-001; w2(1)=1.0307205949e-001; w2(2)=1.1257394513e-001; w2(3)=-3.0384049225e-001; w2(4)=4.9611161792e-001; w2(5)=-6.4029058875e-001; w2(6)=6.5075215169e-001; w2(7)=-4.1434107214e-001; w2(8)=-1.0898984449e+000; 

