
%liczba neuronów ukrytych: 8, liczba wejœæ sieci: 4
%wejœcie 1: u(k-3)
%wejœcie 2: u(k-4)
%wejœcie 3: y(k-1)
%wejœcie 4: y(k-2)
%uczenie w trybie OE
w10(1,1)=-5.4741918161e-001; w1(1,1)=2.0413976415e-002; w1(1,2)=1.9042846213e-001; w1(1,3)=-1.8580936004e-001; w1(1,4)=-4.1906480874e-001; 
w10(2,1)=-1.8508459502e-001; w1(2,1)=4.6268636248e-002; w1(2,2)=4.1716309393e-003; w1(2,3)=-1.7539973006e-001; w1(2,4)=-3.3121701860e-001; 
w10(3,1)=-1.1286727993e-001; w1(3,1)=-1.2709270087e-001; w1(3,2)=-1.0849047233e-001; w1(3,3)=-1.1566719369e-002; w1(3,4)=6.2202531414e-002; 
w10(4,1)=4.8844909199e-002; w1(4,1)=-7.6073317355e-002; w1(4,2)=-3.0540540222e-001; w1(4,3)=1.2062125127e-001; w1(4,4)=1.5727750260e-001; 
w10(5,1)=-1.9645470549e-002; w1(5,1)=-7.3294517065e-003; w1(5,2)=-8.2472478469e-002; w1(5,3)=-1.6234959964e-001; w1(5,4)=-1.5168512172e-001; 
w10(6,1)=1.9818851446e-001; w1(6,1)=-6.6061589610e-002; w1(6,2)=-2.4662391041e-001; w1(6,3)=1.0438603495e-001; w1(6,4)=3.1921882800e-001; 
w10(7,1)=-8.3335118910e-002; w1(7,1)=-1.6532783271e-001; w1(7,2)=4.4666501357e-003; w1(7,3)=-7.4442380381e-002; w1(7,4)=3.6056031616e-002; 
w10(8,1)=-4.4037333262e-002; w1(8,1)=8.4235941793e-002; w1(8,2)=-6.8950785787e-002; w1(8,3)=2.7590729330e-002; w1(8,4)=2.1223688283e-001; 
w20=-4.7562624297e-001; w2(1)=-6.7786059215e-001; w2(2)=-4.2814289336e-001; w2(3)=2.8549178319e-002; w2(4)=2.0190103443e-001; w2(5)=-2.3028804422e-001; w2(6)=3.5354118518e-001; w2(7)=-4.8814029126e-002; w2(8)=2.2910652839e-001; 

