
%liczba neuronów ukrytych: 10, liczba wejœæ sieci: 4
%wejœcie 1: u(k-3)
%wejœcie 2: u(k-4)
%wejœcie 3: y(k-1)
%wejœcie 4: y(k-2)
%uczenie w trybie OE
w10(1,1)=-2.6851521504e-001; w1(1,1)=8.0319836625e-001; w1(1,2)=1.1696044183e+000; w1(1,3)=5.4626444773e-001; w1(1,4)=-3.1833258506e-001; 
w10(2,1)=1.9154278941e-001; w1(2,1)=3.4244123662e-001; w1(2,2)=-4.0907775377e-001; w1(2,3)=3.3579792007e-001; w1(2,4)=9.6010750547e-002; 
w10(3,1)=-4.9892468009e-001; w1(3,1)=-5.4157951882e-001; w1(3,2)=6.9883338496e-001; w1(3,3)=2.9720017233e-001; w1(3,4)=-1.0564650794e+000; 
w10(4,1)=-7.0292626620e-001; w1(4,1)=-3.5486994057e-002; w1(4,2)=-4.7406367150e-001; w1(4,3)=-4.8636205425e-001; w1(4,4)=-2.5608422411e-001; 
w10(5,1)=3.5253897198e-001; w1(5,1)=-1.0655727564e+000; w1(5,2)=-1.2155600162e+000; w1(5,3)=-2.0530279557e-001; w1(5,4)=-6.2983249525e-002; 
w10(6,1)=-2.3855535135e-001; w1(6,1)=7.5102709974e-001; w1(6,2)=9.2893333229e-001; w1(6,3)=6.6886131852e-001; w1(6,4)=-5.1593286817e-001; 
w10(7,1)=4.8705807763e-001; w1(7,1)=-2.6244862902e-001; w1(7,2)=-4.4855405633e-002; w1(7,3)=9.3522987480e-001; w1(7,4)=-5.9011439419e-001; 
w10(8,1)=8.8768939666e-001; w1(8,1)=4.8060384607e-001; w1(8,2)=-1.3657478993e+000; w1(8,3)=-5.5451219390e-001; w1(8,4)=-3.0868526982e-001; 
w10(9,1)=1.8495288776e-001; w1(9,1)=-5.8999969390e-001; w1(9,2)=3.0739660814e-001; w1(9,3)=3.7925740878e-001; w1(9,4)=-1.2734084265e-001; 
w10(10,1)=-5.2807633242e-001; w1(10,1)=1.7231239465e+000; w1(10,2)=9.6464714571e-001; w1(10,3)=-3.6673917047e-001; w1(10,4)=1.8383154111e-001; 
w20=-4.8287309574e-001; w2(1)=-9.7995247079e-001; w2(2)=1.7919154730e+000; w2(3)=4.9340538568e-001; w2(4)=-3.8039762699e-001; w2(5)=-3.5335010963e-001; w2(6)=6.8513281502e-001; w2(7)=5.0143460182e-001; w2(8)=-2.2063633951e-001; w2(9)=4.5596654887e-001; w2(10)=-2.2581772481e-002; 

