
%liczba neuronów ukrytych: 3, liczba wejœæ sieci: 4
%wejœcie 1: u(k-3)
%wejœcie 2: u(k-4)
%wejœcie 3: y(k-1)
%wejœcie 4: y(k-2)
%uczenie w trybie OE
w10(1,1)=-2.0629945878e-001; w1(1,1)=2.0342409148e-001; w1(1,2)=-1.2382979832e-001; w1(1,3)=-1.2081348245e+000; w1(1,4)=8.9842004693e-001; 
w10(2,1)=1.3648298868e-001; w1(2,1)=-4.1062192583e-001; w1(2,2)=3.0333713181e-001; w1(2,3)=1.0899189105e+000; w1(2,4)=-1.2421066883e+000; 
w10(3,1)=-4.4110885780e-002; w1(3,1)=2.0921619119e+000; w1(3,2)=2.1476127483e+000; w1(3,3)=3.3006261753e+000; w1(3,4)=-1.9803066836e+000; 
w20=-2.9730205969e-001; w2(1)=-2.4831751105e+000; w2(2)=-1.5344788051e+000; w2(3)=-4.3983430909e-002; 

