
%liczba neuronów ukrytych: 9, liczba wejœæ sieci: 4
%wejœcie 1: u(k-3)
%wejœcie 2: u(k-4)
%wejœcie 3: y(k-1)
%wejœcie 4: y(k-2)
%uczenie w trybie OE
w10(1,1)=-5.1814875012e-001; w1(1,1)=7.6102110897e-001; w1(1,2)=-4.8916912533e-001; w1(1,3)=2.3035679357e-001; w1(1,4)=5.2057630493e-002; 
w10(2,1)=4.4080549195e-001; w1(2,1)=9.4124974002e-001; w1(2,2)=2.4905814190e-001; w1(2,3)=5.1183536898e-001; w1(2,4)=-6.8289787068e-002; 
w10(3,1)=-4.5260066355e-002; w1(3,1)=3.5548731293e-001; w1(3,2)=-4.8758610623e-001; w1(3,3)=-9.8194623978e-001; w1(3,4)=6.4443712394e-001; 
w10(4,1)=9.2424353589e-001; w1(4,1)=3.0269600404e-002; w1(4,2)=-1.3001478724e-001; w1(4,3)=6.6455201033e-001; w1(4,4)=-2.9557734950e-001; 
w10(5,1)=2.4646957358e-001; w1(5,1)=-1.4405514741e+000; w1(5,2)=-2.0142436560e+000; w1(5,3)=-7.3453184606e-001; w1(5,4)=5.0543071501e-001; 
w10(6,1)=4.2639239449e-001; w1(6,1)=-2.9117813714e-001; w1(6,2)=4.0507308495e-001; w1(6,3)=-3.6314099128e-001; w1(6,4)=-1.4441268865e-001; 
w10(7,1)=-4.1819332798e-001; w1(7,1)=5.4121991606e-001; w1(7,2)=8.7470609152e-001; w1(7,3)=-2.1583097578e-001; w1(7,4)=2.7432661254e-001; 
w10(8,1)=-9.3615428122e-001; w1(8,1)=1.0980790621e+000; w1(8,2)=2.5228193767e-001; w1(8,3)=-1.0358757841e+000; w1(8,4)=3.0796566292e-001; 
w10(9,1)=1.4484696620e+000; w1(9,1)=7.1862500725e-001; w1(9,2)=-8.4022571056e-001; w1(9,3)=2.2057157915e-001; w1(9,4)=5.0094042031e-001; 
w20=-3.5050535397e-001; w2(1)=2.4367712765e-001; w2(2)=-5.5421625641e-002; w2(3)=-1.0788441832e+000; w2(4)=5.4345627007e-001; w2(5)=2.0089039050e-002; w2(6)=-9.4315177915e-001; w2(7)=-6.2021969271e-003; w2(8)=-5.0318644504e-002; w2(9)=4.2499726680e-001; 

