
%liczba neuronów ukrytych: 1, liczba wejœæ sieci: 4
%wejœcie 1: u(k-3)
%wejœcie 2: u(k-4)
%wejœcie 3: y(k-1)
%wejœcie 4: y(k-2)
%uczenie w trybie OE
w10(1,1)=2.8667489517e-001; w1(1,1)=1.1085092372e-001; w1(1,2)=-2.3196869508e-001; w1(1,3)=2.5794539819e-001; w1(1,4)=1.6435127710e-001; 
w20=-6.1154944544e-001; w2(1)=2.2209239228e+000; 

