
%liczba neuronów ukrytych: 5, liczba wejœæ sieci: 4
%wejœcie 1: u(k-3)
%wejœcie 2: u(k-4)
%wejœcie 3: y(k-1)
%wejœcie 4: y(k-2)
%uczenie w trybie OE
w10(1,1)=-1.1920049481e+000; w1(1,1)=-1.1660893223e+000; w1(1,2)=-9.4582481928e-001; w1(1,3)=-2.9821477935e-001; w1(1,4)=7.0728229698e-001; 
w10(2,1)=4.6327804128e-001; w1(2,1)=-7.0098088213e-002; w1(2,2)=-1.0963272477e-001; w1(2,3)=2.2667645892e+000; w1(2,4)=-9.2193803719e-001; 
w10(3,1)=-2.5152144305e-001; w1(3,1)=7.5854023256e-001; w1(3,2)=-2.1953746984e+000; w1(3,3)=1.5701252165e-001; w1(3,4)=-4.3078429600e-001; 
w10(4,1)=1.1209555601e+000; w1(4,1)=-8.5450775867e-002; w1(4,2)=1.3371608879e-001; w1(4,3)=1.0451477474e+000; w1(4,4)=-2.7629127966e-001; 
w10(5,1)=-7.5092643293e-001; w1(5,1)=-9.0935300984e-002; w1(5,2)=1.7871473608e-001; w1(5,3)=1.2266480843e+000; w1(5,4)=-5.4434055413e-002; 
w20=-6.3745312484e-001; w2(1)=-5.9660562104e-002; w2(2)=2.0416401858e-001; w2(3)=1.6337878244e-001; w2(4)=1.1738597913e+000; w2(5)=6.4181293525e-001; 

