
%liczba neuronów ukrytych: 9, liczba wejœæ sieci: 4
%wejœcie 1: u(k-3)
%wejœcie 2: u(k-4)
%wejœcie 3: y(k-1)
%wejœcie 4: y(k-2)
%uczenie w trybie OE
w10(1,1)=4.6664161431e-001; w1(1,1)=-4.1761157878e-002; w1(1,2)=-2.6166959642e-002; w1(1,3)=6.5504943209e-001; w1(1,4)=-1.7952396084e-001; 
w10(2,1)=-5.0555832871e-002; w1(2,1)=9.7016829150e-002; w1(2,2)=1.8219263348e-001; w1(2,3)=2.3420818228e-001; w1(2,4)=-9.0413882587e-001; 
w10(3,1)=-5.3480702375e-001; w1(3,1)=6.0562492109e-001; w1(3,2)=7.7123096786e-001; w1(3,3)=5.3613930755e-002; w1(3,4)=-1.5890643646e-001; 
w10(4,1)=4.8854822027e-001; w1(4,1)=-5.5753598241e-001; w1(4,2)=-6.6256638517e-001; w1(4,3)=3.7553711728e-001; w1(4,4)=-1.8962225825e-001; 
w10(5,1)=-4.9072384626e-001; w1(5,1)=-1.3319205919e-001; w1(5,2)=-1.2013658062e-001; w1(5,3)=7.5633260650e-001; w1(5,4)=2.7065691374e-002; 
w10(6,1)=-1.3624450495e+000; w1(6,1)=4.8130307810e-001; w1(6,2)=5.3642881520e-001; w1(6,3)=1.2595900252e-002; w1(6,4)=-1.3244551737e-001; 
w10(7,1)=-1.1764625588e+000; w1(7,1)=5.9870763895e-001; w1(7,2)=5.1805224165e-001; w1(7,3)=2.7167591367e-001; w1(7,4)=-2.0008445733e-001; 
w10(8,1)=-3.5267948908e-001; w1(8,1)=-1.7289697637e-001; w1(8,2)=-9.5902619459e-002; w1(8,3)=-1.7014141910e-001; w1(8,4)=-1.3193721193e-001; 
w10(9,1)=-5.3461639561e-001; w1(9,1)=-9.3339131758e-004; w1(9,2)=6.2976908045e-001; w1(9,3)=-6.0188139827e-001; w1(9,4)=-5.3241953841e-001; 
w20=-7.2929348793e-001; w2(1)=1.3663866137e+000; w2(2)=4.9003896362e-001; w2(3)=3.1089428811e-001; w2(4)=5.4369423548e-001; w2(5)=7.2101395853e-001; w2(6)=-9.8216934563e-001; w2(7)=8.7148318459e-001; w2(8)=-6.7128103547e-001; w2(9)=-4.9348156477e-002; 

