
%liczba neuronów ukrytych: 4, liczba wejœæ sieci: 4
%wejœcie 1: u(k-3)
%wejœcie 2: u(k-4)
%wejœcie 3: y(k-1)
%wejœcie 4: y(k-2)
%uczenie w trybie ARX
w10(1,1)=-6.7421156121e-002; w1(1,1)=-2.5710403525e-001; w1(1,2)=-7.9834927610e-001; w1(1,3)=-1.4375619346e+000; w1(1,4)=9.2923085961e-001; 
w10(2,1)=-2.3066303816e-001; w1(2,1)=-3.6236397639e-003; w1(2,2)=3.9943418373e-001; w1(2,3)=-1.6257621805e+000; w1(2,4)=1.3408388532e+000; 
w10(3,1)=-8.6275903740e-001; w1(3,1)=1.3216473137e-003; w1(3,2)=-4.8581990417e-001; w1(3,3)=3.0930795929e-001; w1(3,4)=-7.8959455574e-001; 
w10(4,1)=6.7035746491e-001; w1(4,1)=-1.0954478875e-001; w1(4,2)=-4.3966543109e-001; w1(4,3)=6.5219364725e-001; w1(4,4)=-1.1478226703e+000; 
w20=-4.2961059695e-001; w2(1)=4.2876001297e-001; w2(2)=-1.4693776705e+000; w2(3)=-1.2487976348e+000; w2(4)=-1.2710072759e+000; 

