
%liczba neuronów ukrytych: 4, liczba wejœæ sieci: 4
%wejœcie 1: u(k-3)
%wejœcie 2: u(k-4)
%wejœcie 3: y(k-1)
%wejœcie 4: y(k-2)
%uczenie w trybie ARX
w10(1,1)=4.6506980944e-001; w1(1,1)=-1.1134328110e-001; w1(1,2)=-7.0342769372e-001; w1(1,3)=-2.2000542957e-001; w1(1,4)=8.4762591042e-001; 
w10(2,1)=1.9119206900e+000; w1(2,1)=-3.7704507559e-001; w1(2,2)=-3.4343183219e-001; w1(2,3)=1.0627111396e+000; w1(2,4)=-2.2422760035e+000; 
w10(3,1)=3.0578593880e-001; w1(3,1)=-2.9532605058e-002; w1(3,2)=6.6898066900e-002; w1(3,3)=7.4084551738e-002; w1(3,4)=2.7752574528e-001; 
w10(4,1)=-3.6807468976e-001; w1(4,1)=4.0520985023e-002; w1(4,2)=6.8228774688e-001; w1(4,3)=-8.8754017467e-001; w1(4,4)=3.8892058647e-001; 
w20=-2.5218625460e-001; w2(1)=-7.1191506487e-001; w2(2)=-5.5084444816e-001; w2(3)=2.2826970711e+000; w2(4)=-1.1733390643e+000; 

