
%liczba neuronów ukrytych: 1, liczba wejœæ sieci: 4
%wejœcie 1: u(k-3)
%wejœcie 2: u(k-4)
%wejœcie 3: y(k-1)
%wejœcie 4: y(k-2)
%uczenie w trybie OE
w10(1,1)=-4.7274548115e-001; w1(1,1)=-9.3453057126e-002; w1(1,2)=4.6121304821e-001; w1(1,3)=3.9458878858e-002; w1(1,4)=-7.6567506916e-001; 
w20=-5.4763987446e-001; w2(1)=-1.3477056302e+000; 

