
%liczba neuronów ukrytych: 7, liczba wejœæ sieci: 4
%wejœcie 1: u(k-3)
%wejœcie 2: u(k-4)
%wejœcie 3: y(k-1)
%wejœcie 4: y(k-2)
%uczenie w trybie OE
w10(1,1)=9.8587396169e-002; w1(1,1)=6.6287526008e-002; w1(1,2)=7.7926842513e-002; w1(1,3)=-4.0730955220e-002; w1(1,4)=-1.5457197609e-001; 
w10(2,1)=-3.3871411662e-002; w1(2,1)=-1.9706914895e-002; w1(2,2)=6.7426409005e-002; w1(2,3)=-1.0043064976e-001; w1(2,4)=-8.1960773668e-002; 
w10(3,1)=2.6551913703e-002; w1(3,1)=-2.5344451345e-001; w1(3,2)=-2.1193349784e-001; w1(3,3)=1.2160274153e-001; w1(3,4)=1.9300984995e-001; 
w10(4,1)=7.8267024696e-002; w1(4,1)=2.2612124947e-001; w1(4,2)=2.3210546312e-001; w1(4,3)=-1.0750375887e-001; w1(4,4)=-2.3326179375e-002; 
w10(5,1)=2.3263817409e-001; w1(5,1)=1.0828202955e-001; w1(5,2)=-9.3644138381e-002; w1(5,3)=1.2737808361e-001; w1(5,4)=4.9148782370e-001; 
w10(6,1)=3.0284107124e-002; w1(6,1)=-1.4671378206e-002; w1(6,2)=-2.5954920062e-002; w1(6,3)=-1.4931807797e-001; w1(6,4)=-1.5805054574e-001; 
w10(7,1)=5.4013826586e-001; w1(7,1)=-8.6235909408e-002; w1(7,2)=-2.7537339255e-001; w1(7,3)=1.5589038957e-001; w1(7,4)=3.7374690255e-001; 
w20=-4.7512755869e-001; w2(1)=-1.3594834346e-001; w2(2)=-9.6253049221e-002; w2(3)=1.8316452774e-001; w2(4)=2.8429696903e-004; w2(5)=6.9662291403e-001; w2(6)=-2.1731229381e-001; w2(7)=7.0019130282e-001; 

