
%liczba neuronów ukrytych: 4, liczba wejœæ sieci: 4
%wejœcie 1: u(k-3)
%wejœcie 2: u(k-4)
%wejœcie 3: y(k-1)
%wejœcie 4: y(k-2)
%uczenie w trybie OE
w10(1,1)=5.8941045442e-002; w1(1,1)=-1.4504743608e-001; w1(1,2)=-1.1665941439e+000; w1(1,3)=-4.0621060019e-001; w1(1,4)=-1.0625755970e-001; 
w10(2,1)=1.2614654552e+000; w1(2,1)=4.7098844906e-001; w1(2,2)=2.0192520050e+000; w1(2,3)=-7.5400327670e-001; w1(2,4)=5.2993128699e-001; 
w10(3,1)=-1.9271459940e-001; w1(3,1)=-4.3763724073e-001; w1(3,2)=-1.4778845081e+000; w1(3,3)=-2.2813823097e+000; w1(3,4)=1.6843399526e+000; 
w10(4,1)=8.5987123652e-002; w1(4,1)=2.4048079232e-002; w1(4,2)=-4.2511012063e-002; w1(4,3)=4.2049944265e-001; w1(4,4)=-1.7058089582e-001; 
w20=-3.2698908885e-001; w2(1)=-2.8191376214e-001; w2(2)=8.6352933737e-002; w2(3)=3.0885677146e-001; w2(4)=3.8497185320e+000; 

