
%liczba neuronów ukrytych: 2, liczba wejœæ sieci: 4
%wejœcie 1: u(k-3)
%wejœcie 2: u(k-4)
%wejœcie 3: y(k-1)
%wejœcie 4: y(k-2)
%uczenie w trybie ARX
w10(1,1)=5.4418092840e-001; w1(1,1)=-2.8321656990e-002; w1(1,2)=-5.7516001613e-002; w1(1,3)=6.9889791071e-001; w1(1,4)=-1.7785153215e-001; 
w10(2,1)=-7.4865665596e-001; w1(2,1)=9.2419138978e-002; w1(2,2)=5.2248933706e-002; w1(2,3)=1.2082767651e+000; w1(2,4)=6.0005174212e-001; 
w20=-7.7022447513e-001; w2(1)=1.8272466484e+000; w2(2)=2.1886984970e-001; 

