
%liczba neuronów ukrytych: 3, liczba wejœæ sieci: 4
%wejœcie 1: u(k-3)
%wejœcie 2: u(k-4)
%wejœcie 3: y(k-1)
%wejœcie 4: y(k-2)
%uczenie w trybie OE
w10(1,1)=-6.8550550207e-001; w1(1,1)=-7.0313532424e-002; w1(1,2)=6.9377347274e-002; w1(1,3)=-6.0337639713e-001; w1(1,4)=1.4008155043e-001; 
w10(2,1)=-6.1131341618e-001; w1(2,1)=2.9234748375e-001; w1(2,2)=-1.9259871918e-001; w1(2,3)=8.5121659780e-001; w1(2,4)=-6.8883677445e-003; 
w10(3,1)=-9.5650703003e-002; w1(3,1)=1.5166678745e+000; w1(3,2)=-8.1666029869e-001; w1(3,3)=-3.1398857388e+000; w1(3,4)=2.8629629811e+000; 
w20=-7.9392654217e-001; w2(1)=-1.8700076739e+000; w2(2)=6.1569895141e-001; w2(3)=-1.7145568574e-001; 

