
%liczba neuronów ukrytych: 10, liczba wejœæ sieci: 4
%wejœcie 1: u(k-3)
%wejœcie 2: u(k-4)
%wejœcie 3: y(k-1)
%wejœcie 4: y(k-2)
%uczenie w trybie OE
w10(1,1)=3.2097873906e-001; w1(1,1)=-1.6159448286e-001; w1(1,2)=3.2117220884e-001; w1(1,3)=4.0166569847e-002; w1(1,4)=4.0830432969e-001; 
w10(2,1)=-2.8761755935e-001; w1(2,1)=-3.1883159402e-002; w1(2,2)=1.5279853733e-001; w1(2,3)=-8.9495072958e-001; w1(2,4)=4.7421799291e-001; 
w10(3,1)=-5.0329260098e-001; w1(3,1)=5.2038045296e-001; w1(3,2)=-6.0514537810e-001; w1(3,3)=2.7923595425e-001; w1(3,4)=5.6953123852e-001; 
w10(4,1)=-5.1185781004e-002; w1(4,1)=-2.0165181170e-001; w1(4,2)=3.9936832906e-001; w1(4,3)=7.6135778370e-001; w1(4,4)=9.4281628555e-001; 
w10(5,1)=-1.3200235579e+000; w1(5,1)=2.6425130385e-001; w1(5,2)=1.5696595331e+000; w1(5,3)=1.1464877021e+000; w1(5,4)=-3.9349210085e-001; 
w10(6,1)=7.2867967081e-001; w1(6,1)=-1.9978929167e-001; w1(6,2)=1.6520570171e-001; w1(6,3)=6.4831944043e-001; w1(6,4)=3.3771100077e-001; 
w10(7,1)=-2.5681430809e-001; w1(7,1)=1.5973832932e-001; w1(7,2)=-8.8197894584e-001; w1(7,3)=-2.8153971443e-001; w1(7,4)=6.6406533764e-001; 
w10(8,1)=9.8850315693e-001; w1(8,1)=-1.7945961296e-002; w1(8,2)=-4.2672720602e-002; w1(8,3)=4.4703855830e-001; w1(8,4)=-2.6346033974e-002; 
w10(9,1)=1.0013649850e-001; w1(9,1)=-9.2569184615e-001; w1(9,2)=-1.0563227009e+000; w1(9,3)=-3.6685095814e-001; w1(9,4)=2.5658025843e-001; 
w10(10,1)=-1.1259500059e+000; w1(10,1)=3.6141785618e-001; w1(10,2)=6.6639287192e-002; w1(10,3)=-5.5645548054e-001; w1(10,4)=-2.5703716123e-001; 
w20=-7.4511641949e-001; w2(1)=7.5658504666e-001; w2(2)=-1.7572630345e+000; w2(3)=2.5526227697e-001; w2(4)=-4.7851129677e-002; w2(5)=4.2430214025e-002; w2(6)=-2.0539468124e-001; w2(7)=-1.4787208443e-001; w2(8)=3.9301968915e-001; w2(9)=5.7254635772e-002; w2(10)=5.0426289577e-002; 

