
%liczba neuronów ukrytych: 1, liczba wejœæ sieci: 4
%wejœcie 1: u(k-3)
%wejœcie 2: u(k-4)
%wejœcie 3: y(k-1)
%wejœcie 4: y(k-2)
%uczenie w trybie OE
w10(1,1)=-4.1459499696e-001; w1(1,1)=4.7030386519e-002; w1(1,2)=2.3561260040e-001; w1(1,3)=-1.7734940122e-002; w1(1,4)=-6.2375267188e-001; 
w20=-5.5515602162e-001; w2(1)=-1.5000274048e+000; 

