
%liczba neuronów ukrytych: 10, liczba wejœæ sieci: 4
%wejœcie 1: u(k-3)
%wejœcie 2: u(k-4)
%wejœcie 3: y(k-1)
%wejœcie 4: y(k-2)
%uczenie w trybie OE
w10(1,1)=1.1716267649e+000; w1(1,1)=-1.5246449976e-001; w1(1,2)=2.0577421113e-001; w1(1,3)=7.5618399502e-001; w1(1,4)=-4.8818142274e-002; 
w10(2,1)=1.9875373574e-001; w1(2,1)=-3.9678103336e-001; w1(2,2)=4.9406639264e-001; w1(2,3)=2.9997137111e-001; w1(2,4)=-6.1185710640e-001; 
w10(3,1)=6.8656947983e-001; w1(3,1)=-5.8797549951e-001; w1(3,2)=-8.1518357561e-001; w1(3,3)=-3.9013776206e-001; w1(3,4)=3.0247312792e-002; 
w10(4,1)=-1.9918188289e-001; w1(4,1)=4.8405529120e-001; w1(4,2)=-3.9193029262e-001; w1(4,3)=7.0758764780e-001; w1(4,4)=-1.8881081167e-001; 
w10(5,1)=7.4066394358e-001; w1(5,1)=3.4950124604e-001; w1(5,2)=-5.0392810848e-001; w1(5,3)=-4.7741837713e-001; w1(5,4)=-1.2780079287e-001; 
w10(6,1)=-4.5265647078e-001; w1(6,1)=4.5329735569e-003; w1(6,2)=8.9239908816e-001; w1(6,3)=-5.9813543224e-001; w1(6,4)=1.2868639088e-001; 
w10(7,1)=-4.2994861975e-001; w1(7,1)=-2.9564346363e-001; w1(7,2)=3.5846869469e-003; w1(7,3)=6.7585216875e-001; w1(7,4)=-1.0415457007e-001; 
w10(8,1)=-7.9349187856e-001; w1(8,1)=-6.6564647321e-002; w1(8,2)=7.6394061526e-001; w1(8,3)=2.1901090349e-002; w1(8,4)=-1.8204248158e-001; 
w10(9,1)=-2.3062013527e-001; w1(9,1)=-1.2523060089e-002; w1(9,2)=7.9196746291e-001; w1(9,3)=7.4739854940e-001; w1(9,4)=-1.0032791444e+000; 
w10(10,1)=1.1597405307e+000; w1(10,1)=-4.3589662650e-001; w1(10,2)=-1.0943814298e+000; w1(10,3)=3.8011763144e-002; w1(10,4)=-3.1163401754e-001; 
w20=-3.3307321504e-001; w2(1)=8.2966978954e-001; w2(2)=9.3287323298e-002; w2(3)=1.5251628010e-001; w2(4)=7.4519064665e-001; w2(5)=-4.0150975601e-001; w2(6)=-2.9556928379e-001; w2(7)=5.0711772735e-001; w2(8)=-5.0700147910e-001; w2(9)=4.3644044086e-001; w2(10)=-2.6385305366e-001; 

