
%liczba neuronów ukrytych: 9, liczba wejœæ sieci: 4
%wejœcie 1: u(k-3)
%wejœcie 2: u(k-4)
%wejœcie 3: y(k-1)
%wejœcie 4: y(k-2)
%uczenie w trybie OE
w10(1,1)=-1.5216530105e-001; w1(1,1)=1.1579081142e+000; w1(1,2)=1.5418745903e-002; w1(1,3)=-7.6610523958e-001; w1(1,4)=8.4644197114e-001; 
w10(2,1)=-2.4374115686e-001; w1(2,1)=-4.2195363142e-001; w1(2,2)=-1.4324776119e+000; w1(2,3)=-7.9124053485e-001; w1(2,4)=5.2738434493e-001; 
w10(3,1)=-5.1670476910e-001; w1(3,1)=1.4619175533e+000; w1(3,2)=5.3805323211e-001; w1(3,3)=-1.4810100533e-001; w1(3,4)=-5.1780762023e-001; 
w10(4,1)=4.1144262546e-001; w1(4,1)=-9.0956897715e-001; w1(4,2)=2.6952812784e-001; w1(4,3)=-5.4385913439e-002; w1(4,4)=-5.0814583959e-001; 
w10(5,1)=-1.4377257397e-001; w1(5,1)=3.4262596325e-004; w1(5,2)=-9.5095803205e-001; w1(5,3)=3.6393218766e-001; w1(5,4)=5.6232145737e-001; 
w10(6,1)=1.4429510206e+000; w1(6,1)=2.3591299526e-001; w1(6,2)=-1.7489055115e-001; w1(6,3)=8.2431724805e-001; w1(6,4)=7.2140924644e-002; 
w10(7,1)=-3.3284558407e-001; w1(7,1)=-9.0211655832e-002; w1(7,2)=2.4016086896e-004; w1(7,3)=1.4349713592e+000; w1(7,4)=-6.1872214036e-001; 
w10(8,1)=-4.0732645082e-001; w1(8,1)=3.8400698163e-001; w1(8,2)=1.9413843604e+000; w1(8,3)=-1.1738196227e-001; w1(8,4)=-1.3239399962e-001; 
w10(9,1)=-2.0390454803e-001; w1(9,1)=-2.2832353478e-002; w1(9,2)=4.8616428794e-001; w1(9,3)=-5.7934498215e-001; w1(9,4)=-1.0919050849e-001; 
w20=-3.4430303100e-001; w2(1)=-2.6886280860e-001; w2(2)=-2.1371004876e-002; w2(3)=1.5094216802e-002; w2(4)=-3.7842752185e-001; w2(5)=-2.5173598775e-001; w2(6)=6.9010669997e-001; w2(7)=8.8899288709e-001; w2(8)=-1.6780161919e-002; w2(9)=-3.9499110017e-001; 

