
%liczba neuronów ukrytych: 7, liczba wejœæ sieci: 4
%wejœcie 1: u(k-3)
%wejœcie 2: u(k-4)
%wejœcie 3: y(k-1)
%wejœcie 4: y(k-2)
%uczenie w trybie OE
w10(1,1)=3.8559145368e-001; w1(1,1)=6.2925475137e-001; w1(1,2)=-1.9621749472e-001; w1(1,3)=-7.9993911811e-003; w1(1,4)=4.8043478741e-001; 
w10(2,1)=-5.1019093062e-001; w1(2,1)=-8.5314040566e-001; w1(2,2)=5.5323570788e-002; w1(2,3)=-3.4526092416e-001; w1(2,4)=-1.4302773394e-001; 
w10(3,1)=9.4423790250e-001; w1(3,1)=-4.5112437606e-001; w1(3,2)=9.3719722557e-002; w1(3,3)=-4.8597520963e-001; w1(3,4)=-6.3070192709e-001; 
w10(4,1)=-2.6354352923e-001; w1(4,1)=1.8998752991e-001; w1(4,2)=-4.4873017553e-002; w1(4,3)=-1.0582306175e+000; w1(4,4)=7.6797648436e-001; 
w10(5,1)=-5.3235952994e-001; w1(5,1)=-2.8800541165e-001; w1(5,2)=1.6518996924e-002; w1(5,3)=3.8232624549e-002; w1(5,4)=-4.2838087988e-001; 
w10(6,1)=-2.8010518666e+000; w1(6,1)=5.0778696928e-001; w1(6,2)=1.6981244918e+000; w1(6,3)=-2.1539523538e-001; w1(6,4)=-5.0995570081e-001; 
w10(7,1)=1.1926950513e-001; w1(7,1)=-1.3095897887e+000; w1(7,2)=-1.2532710676e+000; w1(7,3)=-4.3096653203e-001; w1(7,4)=3.7843451623e-001; 
w20=-7.7183589451e-001; w2(1)=6.1053563803e-001; w2(2)=4.1640116152e-001; w2(3)=-2.5084289523e-001; w2(4)=-1.6848019828e+000; w2(5)=-9.6598376889e-001; w2(6)=-2.0243964728e-002; w2(7)=3.0370501219e-002; 

