
%liczba neuronów ukrytych: 5, liczba wejœæ sieci: 4
%wejœcie 1: u(k-3)
%wejœcie 2: u(k-4)
%wejœcie 3: y(k-1)
%wejœcie 4: y(k-2)
%uczenie w trybie OE
w10(1,1)=-9.0850041785e-001; w1(1,1)=8.5881045727e-002; w1(1,2)=-4.5516321734e-002; w1(1,3)=5.9825840926e-001; w1(1,4)=1.8946003440e-001; 
w10(2,1)=-4.0543317789e-002; w1(2,1)=-1.6690390501e+000; w1(2,2)=-4.8633864737e-001; w1(2,3)=5.9286716165e-001; w1(2,4)=-8.2226848496e-001; 
w10(3,1)=-2.0190121942e-001; w1(3,1)=-4.1163638686e-001; w1(3,2)=4.7550625834e-001; w1(3,3)=-2.2385642678e+000; w1(3,4)=1.2045721889e+000; 
w10(4,1)=1.0935219911e+000; w1(4,1)=-3.3166723499e-002; w1(4,2)=3.2117253458e-002; w1(4,3)=1.0397149120e+000; w1(4,4)=-3.8561745969e-001; 
w10(5,1)=4.8529108478e-001; w1(5,1)=2.7792263938e+000; w1(5,2)=1.2219617226e+000; w1(5,3)=1.0935809271e+000; w1(5,4)=-1.4623484410e-002; 
w20=-4.4139011353e-001; w2(1)=9.2882866218e-001; w2(2)=6.9144687829e-002; w2(3)=-2.9882314496e-001; w2(4)=1.3161849063e+000; w2(5)=9.9230756982e-003; 

