
%liczba neuronów ukrytych: 6, liczba wejœæ sieci: 4
%wejœcie 1: u(k-3)
%wejœcie 2: u(k-4)
%wejœcie 3: y(k-1)
%wejœcie 4: y(k-2)
%uczenie w trybie OE
w10(1,1)=6.1917457392e-001; w1(1,1)=-5.7105458945e-002; w1(1,2)=-2.4857742704e-001; w1(1,3)=6.9112156883e-002; w1(1,4)=5.1668826475e-001; 
w10(2,1)=1.4554943393e-003; w1(2,1)=-8.9312020687e-002; w1(2,2)=1.9170776825e-001; w1(2,3)=-7.0465630020e-002; w1(2,4)=-4.2971560669e-001; 
w10(3,1)=8.6845049637e-002; w1(3,1)=1.1816825266e-001; w1(3,2)=1.6551645358e-001; w1(3,3)=4.6660505040e-002; w1(3,4)=9.0895223524e-002; 
w10(4,1)=-7.3194444008e-002; w1(4,1)=-7.2505719996e-002; w1(4,2)=-7.3528969122e-002; w1(4,3)=5.8948848343e-002; w1(4,4)=4.4028324376e-002; 
w10(5,1)=2.3442961134e-002; w1(5,1)=3.2454717219e-002; w1(5,2)=-2.5466917484e-002; w1(5,3)=-1.8202013935e-001; w1(5,4)=-9.2547900681e-002; 
w10(6,1)=6.1569650048e-002; w1(6,1)=-4.4075402930e-002; w1(6,2)=-1.9929353797e-001; w1(6,3)=2.0368577601e-001; w1(6,4)=2.9300562030e-001; 
w20=-4.7014093912e-001; w2(1)=8.3085991178e-001; w2(2)=-4.6588433007e-001; w2(3)=1.2957174123e-001; w2(4)=2.9620864016e-002; w2(5)=-1.8657471967e-001; w2(6)=4.1734910335e-001; 

