
%liczba neuronów ukrytych: 4, liczba wejœæ sieci: 4
%wejœcie 1: u(k-3)
%wejœcie 2: u(k-4)
%wejœcie 3: y(k-1)
%wejœcie 4: y(k-2)
%uczenie w trybie OE
w10(1,1)=6.4933668470e-001; w1(1,1)=-2.0641032714e-001; w1(1,2)=-3.3463138361e-001; w1(1,3)=3.9041224915e-002; w1(1,4)=4.2015728756e-001; 
w10(2,1)=-9.7542065870e-003; w1(2,1)=-1.2676903887e-001; w1(2,2)=-1.0734456960e-001; w1(2,3)=-1.8595124720e-001; w1(2,4)=-4.2574218045e-001; 
w10(3,1)=-6.4248507127e-002; w1(3,1)=-1.7768244865e-001; w1(3,2)=-1.5114828720e-001; w1(3,3)=8.5210438886e-002; w1(3,4)=2.2553594896e-001; 
w10(4,1)=1.0688326283e-001; w1(4,1)=-6.1835624517e-003; w1(4,2)=-1.5618011405e-001; w1(4,3)=1.5245764306e-001; w1(4,4)=3.9797956205e-001; 
w20=-4.1117913923e-001; w2(1)=6.5704802580e-001; w2(2)=-5.7577196042e-001; w2(3)=1.8605385887e-001; w2(4)=5.3288321712e-001; 

