
%liczba neuronów ukrytych: 3, liczba wejœæ sieci: 4
%wejœcie 1: u(k-3)
%wejœcie 2: u(k-4)
%wejœcie 3: y(k-1)
%wejœcie 4: y(k-2)
%uczenie w trybie OE
w10(1,1)=-1.0128167832e-001; w1(1,1)=1.5991047872e+000; w1(1,2)=-8.8772042221e-001; w1(1,3)=-3.2837424118e+000; w1(1,4)=2.9765485662e+000; 
w10(2,1)=-5.4189181585e-001; w1(2,1)=2.2224421861e-001; w1(2,2)=-1.5468261687e-001; w1(2,3)=8.2053047220e-001; w1(2,4)=-8.0525081729e-002; 
w10(3,1)=-8.0008276326e-001; w1(3,1)=-6.3518907754e-002; w1(3,2)=6.8471306711e-002; w1(3,3)=-6.9260248972e-001; w1(3,4)=1.8470162298e-001; 
w20=-6.9703411102e-001; w2(1)=-1.5401474800e-001; w2(2)=8.2528960198e-001; w2(3)=-1.6402720981e+000; 

