
%liczba neuronów ukrytych: 6, liczba wejœæ sieci: 4
%wejœcie 1: u(k-3)
%wejœcie 2: u(k-4)
%wejœcie 3: y(k-1)
%wejœcie 4: y(k-2)
%uczenie w trybie ARX
w10(1,1)=-1.9095584237e-001; w1(1,1)=-3.2095307380e-001; w1(1,2)=-9.6837376203e-001; w1(1,3)=-1.6449560302e+000; w1(1,4)=9.0034629890e-001; 
w10(2,1)=1.7749641253e+000; w1(2,1)=-2.6409543994e-001; w1(2,2)=-2.8688986176e-001; w1(2,3)=-1.4559490380e+000; w1(2,4)=-1.8650312104e+000; 
w10(3,1)=5.0915517571e-001; w1(3,1)=-1.9439013795e-002; w1(3,2)=-2.9791275954e-001; w1(3,3)=5.4657880991e-002; w1(3,4)=-5.6031602874e-001; 
w10(4,1)=-2.7334913971e-001; w1(4,1)=-1.1351383157e-002; w1(4,2)=5.7011385047e-001; w1(4,3)=-2.1995637892e+000; w1(4,4)=1.8137122346e+000; 
w10(5,1)=-1.2261671821e-001; w1(5,1)=-2.1001215232e-001; w1(5,2)=-3.0961854385e-001; w1(5,3)=1.3603006666e-002; w1(5,4)=-7.3749020074e-001; 
w10(6,1)=-1.4666355732e+000; w1(6,1)=3.5033963581e-002; w1(6,2)=-5.4233291254e-001; w1(6,3)=-2.9328479573e-001; w1(6,4)=-6.9284901705e-001; 
w20=-2.1641316562e-002; w2(1)=3.2673525555e-001; w2(2)=3.9545381868e-004; w2(3)=-1.3656330475e+000; w2(4)=-7.3917378996e-001; w2(5)=-3.2935822201e-001; w2(6)=-5.4486886369e-001; 

