
%liczba neuronów ukrytych: 5, liczba wejœæ sieci: 4
%wejœcie 1: u(k-3)
%wejœcie 2: u(k-4)
%wejœcie 3: y(k-1)
%wejœcie 4: y(k-2)
%uczenie w trybie OE
w10(1,1)=3.0602653275e-001; w1(1,1)=-7.5752845524e-002; w1(1,2)=-5.5260405595e-001; w1(1,3)=2.2184725525e-001; w1(1,4)=1.6322803042e-001; 
w10(2,1)=-5.5369767514e-001; w1(2,1)=1.7811108530e-001; w1(2,2)=7.0724594666e-002; w1(2,3)=4.3351712744e-001; w1(2,4)=4.6468987739e-002; 
w10(3,1)=-1.5490424291e-001; w1(3,1)=1.0402079059e+000; w1(3,2)=-9.2369127384e-001; w1(3,3)=-3.7244400183e-001; w1(3,4)=-1.3425010772e-001; 
w10(4,1)=-8.6587844811e-001; w1(4,1)=-1.5700218506e-001; w1(4,2)=-2.0063704412e-002; w1(4,3)=-3.0384157458e-001; w1(4,4)=-2.9533723671e-001; 
w10(5,1)=-3.6853058407e-001; w1(5,1)=1.0427852852e-001; w1(5,2)=6.8652798262e-001; w1(5,3)=4.6553969444e-001; w1(5,4)=-9.1170872568e-001; 
w20=-1.4323688717e-001; w2(1)=2.3838162222e+000; w2(2)=1.1340843358e+000; w2(3)=-2.0766155552e-001; w2(4)=-7.3021061527e-001; w2(5)=1.5198266687e+000; 

