
%liczba neuronów ukrytych: 3, liczba wejœæ sieci: 4
%wejœcie 1: u(k-3)
%wejœcie 2: u(k-4)
%wejœcie 3: y(k-1)
%wejœcie 4: y(k-2)
%uczenie w trybie OE
w10(1,1)=-5.0207786801e-001; w1(1,1)=-3.0462917660e-001; w1(1,2)=4.5985985581e-001; w1(1,3)=-5.4572024798e-001; w1(1,4)=6.4690111561e-002; 
w10(2,1)=-3.7118677724e+000; w1(2,1)=6.8705514870e-002; w1(2,2)=2.8336082580e+000; w1(2,3)=-1.3910431808e+001; w1(2,4)=1.3609073990e+001; 
w10(3,1)=-6.8564316203e-001; w1(3,1)=-5.9401519182e+000; w1(3,2)=6.4224456443e+000; w1(3,3)=2.1744596517e+000; w1(3,4)=-2.8855912750e-001; 
w20=-6.9611164684e-001; w2(1)=-1.8717950907e+000; w2(2)=6.0143034816e-002; w2(3)=1.9034869862e-001; 

