
%liczba neuronów ukrytych: 3, liczba wejœæ sieci: 4
%wejœcie 1: u(k-3)
%wejœcie 2: u(k-4)
%wejœcie 3: y(k-1)
%wejœcie 4: y(k-2)
%uczenie w trybie OE
w10(1,1)=8.0538246918e-001; w1(1,1)=2.4801084869e-001; w1(1,2)=-1.7729326213e-001; w1(1,3)=2.0189491913e-001; w1(1,4)=2.5238093404e-001; 
w10(2,1)=1.0346284831e-001; w1(2,1)=-8.0192028345e-001; w1(2,2)=4.7998313854e-001; w1(2,3)=1.9024493076e+000; w1(2,4)=-1.7053747869e+000; 
w10(3,1)=5.8075251848e-001; w1(3,1)=-3.6219882804e-001; w1(3,2)=2.2765730591e-001; w1(3,3)=-2.1391203686e-001; w1(3,4)=-3.0772715499e-001; 
w20=-4.5142368977e-001; w2(1)=1.5092440007e+000; w2(2)=7.2562854264e-001; w2(3)=-1.2043260186e+000; 

