
%liczba neuronów ukrytych: 8, liczba wejœæ sieci: 4
%wejœcie 1: u(k-3)
%wejœcie 2: u(k-4)
%wejœcie 3: y(k-1)
%wejœcie 4: y(k-2)
%uczenie w trybie OE
w10(1,1)=-7.4476902121e-002; w1(1,1)=-4.4697974887e-003; w1(1,2)=-1.1915239675e-002; w1(1,3)=-8.7372930702e-002; w1(1,4)=9.1216151850e-002; 
w10(2,1)=-5.9539486098e-002; w1(2,1)=-5.7062710950e-002; w1(2,2)=-9.1506291569e-003; w1(2,3)=-2.1005849230e-003; w1(2,4)=2.0376680527e-001; 
w10(3,1)=-7.9978220789e-003; w1(3,1)=3.0318297969e-002; w1(3,2)=-7.2231020722e-002; w1(3,3)=-7.4345067019e-002; w1(3,4)=2.1522834641e-002; 
w10(4,1)=-8.5096839786e-002; w1(4,1)=5.0878932901e-002; w1(4,2)=1.8063773960e-001; w1(4,3)=-8.3516580237e-002; w1(4,4)=-3.3033301488e-001; 
w10(5,1)=4.2874615562e-002; w1(5,1)=2.1158422255e-003; w1(5,2)=-4.1648208403e-003; w1(5,3)=4.2015356003e-002; w1(5,4)=3.3164477726e-003; 
w10(6,1)=4.3978514511e-001; w1(6,1)=-1.8904893456e-002; w1(6,2)=-1.4248434956e-001; w1(6,3)=9.8129963922e-002; w1(6,4)=4.6982574409e-001; 
w10(7,1)=2.0651202203e-003; w1(7,1)=-1.4424975110e-001; w1(7,2)=6.9591864851e-002; w1(7,3)=-6.4059924885e-002; w1(7,4)=-2.2271075003e-001; 
w10(8,1)=-4.2073416654e-001; w1(8,1)=9.7645718269e-002; w1(8,2)=1.8413033411e-001; w1(8,3)=-1.5427247974e-001; w1(8,4)=-3.8265419346e-001; 
w20=-5.0531146727e-001; w2(1)=2.6124433264e-002; w2(2)=1.7691880297e-001; w2(3)=-4.3877016681e-003; w2(4)=-3.7750952475e-001; w2(5)=3.3581088217e-002; w2(6)=6.7186183777e-001; w2(7)=-2.5764836008e-001; w2(8)=-5.6511910989e-001; 

