
%liczba neuronów ukrytych: 5, liczba wejœæ sieci: 4
%wejœcie 1: u(k-3)
%wejœcie 2: u(k-4)
%wejœcie 3: y(k-1)
%wejœcie 4: y(k-2)
%uczenie w trybie OE
w10(1,1)=1.1005426482e+000; w1(1,1)=1.2910031642e+000; w1(1,2)=-3.8919635348e+000; w1(1,3)=-4.2705944568e-001; w1(1,4)=-1.1134235537e-001; 
w10(2,1)=4.1914008547e-001; w1(2,1)=4.7165714680e-002; w1(2,2)=-5.6168044196e-002; w1(2,3)=1.2901479027e+000; w1(2,4)=-5.9437834226e-001; 
w10(3,1)=-2.3011672070e+000; w1(3,1)=1.8588076758e-001; w1(3,2)=1.1783754435e-003; w1(3,3)=-8.4535823596e-001; w1(3,4)=-3.1667821601e-001; 
w10(4,1)=8.6339338047e-001; w1(4,1)=-2.3905733615e-002; w1(4,2)=1.4397063823e-002; w1(4,3)=-1.2895253584e+000; w1(4,4)=9.3781507316e-002; 
w10(5,1)=5.1660785024e-001; w1(5,1)=-2.8201206358e-001; w1(5,2)=-2.1245696032e+000; w1(5,3)=-1.5199978948e+000; w1(5,4)=1.2757837284e+000; 
w20=-5.4161120513e-001; w2(1)=-3.6311062290e-002; w2(2)=1.1800719331e+000; w2(3)=-3.6820000317e-001; w2(4)=-4.1463569297e-001; w2(5)=6.6877436957e-002; 

