
%liczba neuronów ukrytych: 1, liczba wejœæ sieci: 4
%wejœcie 1: u(k-3)
%wejœcie 2: u(k-4)
%wejœcie 3: y(k-1)
%wejœcie 4: y(k-2)
%uczenie w trybie ARX
w10(1,1)=-1.8697434601e-001; w1(1,1)=7.5026203402e-003; w1(1,2)=1.2728236917e-002; w1(1,3)=-4.1955451134e-001; w1(1,4)=1.3780802982e-001; 
w20=-6.4505197490e-001; w2(1)=-3.5248863919e+000; 

