
%liczba neuronów ukrytych: 4, liczba wejœæ sieci: 4
%wejœcie 1: u(k-3)
%wejœcie 2: u(k-4)
%wejœcie 3: y(k-1)
%wejœcie 4: y(k-2)
%uczenie w trybie OE
w10(1,1)=3.8273632773e-001; w1(1,1)=-7.1959867955e-001; w1(1,2)=1.4141837161e-001; w1(1,3)=2.0499705209e+000; w1(1,4)=-1.7716403293e+000; 
w10(2,1)=-1.2794714924e+000; w1(2,1)=1.2434565975e+000; w1(2,2)=1.8993906036e-001; w1(2,3)=-1.3834933511e+000; w1(2,4)=1.7726825962e+000; 
w10(3,1)=-5.3069870599e-001; w1(3,1)=1.7566863854e-001; w1(3,2)=-7.4156090824e-002; w1(3,3)=9.4076003354e-001; w1(3,4)=-1.5798389478e-001; 
w10(4,1)=-8.2962156702e-001; w1(4,1)=-1.9323703024e-001; w1(4,2)=1.6944604529e-001; w1(4,3)=-3.5406163315e-001; w1(4,4)=-2.0097671022e-001; 
w20=-5.5644170589e-001; w2(1)=4.3376867206e-001; w2(2)=1.0319782876e-001; w2(3)=7.8156298038e-001; w2(4)=-1.2739207576e+000; 

