
%liczba neuronów ukrytych: 9, liczba wejœæ sieci: 4
%wejœcie 1: u(k-3)
%wejœcie 2: u(k-4)
%wejœcie 3: y(k-1)
%wejœcie 4: y(k-2)
%uczenie w trybie OE
w10(1,1)=7.6115595765e-001; w1(1,1)=1.3076026128e+000; w1(1,2)=2.7247997248e+000; w1(1,3)=2.3400757518e+000; w1(1,4)=-7.0379555785e-001; 
w10(2,1)=5.7295049164e-001; w1(2,1)=-6.9510013510e-001; w1(2,2)=1.3353659302e+000; w1(2,3)=2.3235568113e+000; w1(2,4)=-2.0477874451e+000; 
w10(3,1)=-8.3221050975e-001; w1(3,1)=9.6785784859e-002; w1(3,2)=-3.2047058220e-001; w1(3,3)=-8.1757712969e-001; w1(3,4)=2.7423818358e-001; 
w10(4,1)=1.0368539825e+000; w1(4,1)=6.6085909064e-001; w1(4,2)=-1.6298349529e+000; w1(4,3)=-1.7925220667e+000; w1(4,4)=9.7712960979e-001; 
w10(5,1)=-1.3478683808e+000; w1(5,1)=-9.1475827961e-002; w1(5,2)=4.1754778085e-001; w1(5,3)=-5.5474516774e-001; w1(5,4)=5.7377594587e-003; 
w10(6,1)=-4.1635990100e-001; w1(6,1)=-6.6143401226e-001; w1(6,2)=8.7914608392e-001; w1(6,3)=-1.1811987865e+000; w1(6,4)=5.4462228108e-001; 
w10(7,1)=-6.5802795749e-001; w1(7,1)=2.2747010775e-001; w1(7,2)=-3.9111681759e-001; w1(7,3)=3.9266782468e-001; w1(7,4)=5.3752408208e-001; 
w10(8,1)=4.3907076216e-001; w1(8,1)=-4.2393663625e-001; w1(8,2)=-1.0230741380e+000; w1(8,3)=8.8775719674e-001; w1(8,4)=-2.2031621719e-001; 
w10(9,1)=-4.6682664313e-001; w1(9,1)=-1.7849445440e+000; w1(9,2)=-1.1524218226e+000; w1(9,3)=-1.0547881938e+000; w1(9,4)=-2.5237042174e-002; 
w20=-8.3551783881e-001; w2(1)=3.5559640264e-002; w2(2)=6.1264150612e-002; w2(3)=-8.7214088931e-001; w2(4)=-2.1047911310e-001; w2(5)=-5.5611115169e-001; w2(6)=-3.7799185665e-001; w2(7)=4.9792675775e-001; w2(8)=9.1025993680e-002; w2(9)=7.8934760181e-002; 

