
%liczba neuronów ukrytych: 2, liczba wejœæ sieci: 4
%wejœcie 1: u(k-3)
%wejœcie 2: u(k-4)
%wejœcie 3: y(k-1)
%wejœcie 4: y(k-2)
%uczenie w trybie OE
w10(1,1)=-3.1766347072e-001; w1(1,1)=2.4058800235e-002; w1(1,2)=8.9445367215e-002; w1(1,3)=-3.3858254076e-001; w1(1,4)=4.2320497518e-001; 
w10(2,1)=-1.4203527110e-001; w1(2,1)=2.6902834126e-002; w1(2,2)=2.6709067880e-001; w1(2,3)=-1.2069303411e+000; w1(2,4)=1.0596371524e+000; 
w20=1.7246012376e+000; w2(1)=6.9472523353e+000; w2(2)=-2.9106942892e+000; 

