
%liczba neuronów ukrytych: 7, liczba wejœæ sieci: 4
%wejœcie 1: u(k-3)
%wejœcie 2: u(k-4)
%wejœcie 3: y(k-1)
%wejœcie 4: y(k-2)
%uczenie w trybie ARX
w10(1,1)=1.7691096767e+000; w1(1,1)=1.3466593298e-001; w1(1,2)=7.9209467041e-001; w1(1,3)=1.0005556426e+000; w1(1,4)=-1.4980226912e-001; 
w10(2,1)=1.1857710054e-002; w1(2,1)=2.4127949384e-002; w1(2,2)=2.8895201330e-001; w1(2,3)=-6.0137130399e-001; w1(2,4)=-1.2763810780e-002; 
w10(3,1)=3.1335160618e-001; w1(3,1)=-1.6488634068e-001; w1(3,2)=-9.2436392275e-002; w1(3,3)=-9.1844026475e-001; w1(3,4)=1.5437925931e+000; 
w10(4,1)=4.3511476996e-001; w1(4,1)=9.9417860980e-002; w1(4,2)=2.6037853917e-001; w1(4,3)=-5.7000451711e-001; w1(4,4)=1.4201908377e+000; 
w10(5,1)=-1.0668138804e+000; w1(5,1)=1.7681046836e-001; w1(5,2)=7.9291419387e-001; w1(5,3)=2.9343248672e-001; w1(5,4)=4.8624622801e-001; 
w10(6,1)=-3.8659926397e-001; w1(6,1)=1.7225410499e-001; w1(6,2)=5.4722024586e-001; w1(6,3)=-4.1828552672e-002; w1(6,4)=-2.0240896368e-001; 
w10(7,1)=-5.0044994598e-001; w1(7,1)=-1.9539783447e-001; w1(7,2)=-1.5905268779e-001; w1(7,3)=-6.5716026650e-001; w1(7,4)=6.4937961489e-001; 
w20=-2.3826710226e-001; w2(1)=9.3372592152e-001; w2(2)=-5.6806128377e-001; w2(3)=-1.1286721949e+000; w2(4)=7.5619333276e-001; w2(5)=9.8497070702e-001; w2(6)=-1.3410894429e+000; w2(7)=6.8954553851e-001; 

