
%liczba neuronów ukrytych: 3, liczba wejœæ sieci: 4
%wejœcie 1: u(k-3)
%wejœcie 2: u(k-4)
%wejœcie 3: y(k-1)
%wejœcie 4: y(k-2)
%uczenie w trybie OE
w10(1,1)=1.7019979039e-001; w1(1,1)=-6.3508770394e-002; w1(1,2)=5.4700932777e-002; w1(1,3)=7.3591908348e-001; w1(1,4)=-4.3594003072e-001; 
w10(2,1)=4.1743742366e-001; w1(2,1)=-9.2492391074e-001; w1(2,2)=8.9088401127e-001; w1(2,3)=2.7260635149e+000; w1(2,4)=-2.8364987068e+000; 
w10(3,1)=3.0882011322e-001; w1(3,1)=-1.6028075809e+000; w1(3,2)=-2.9987788059e+000; w1(3,3)=-6.1692696202e+000; w1(3,4)=4.9932312699e+000; 
w20=-3.6723576360e-001; w2(1)=3.1431592679e+000; w2(2)=-4.5202564395e-001; w2(3)=5.8059642997e-002; 

