
%liczba neuronów ukrytych: 3, liczba wejœæ sieci: 4
%wejœcie 1: u(k-3)
%wejœcie 2: u(k-4)
%wejœcie 3: y(k-1)
%wejœcie 4: y(k-2)
%uczenie w trybie ARX
w10(1,1)=2.3205666358e+000; w1(1,1)=-1.9311757254e+000; w1(1,2)=-8.0421104722e-001; w1(1,3)=-1.0111031078e+000; w1(1,4)=-5.0428935630e-001; 
w10(2,1)=2.2576404056e-002; w1(2,1)=4.7060075226e-003; w1(2,2)=1.6586119388e-001; w1(2,3)=-8.7853578364e-001; w1(2,4)=9.9909276040e-001; 
w10(3,1)=-1.9081018963e-001; w1(3,1)=2.3491347029e-002; w1(3,2)=2.2476445402e-001; w1(3,3)=-1.4012455598e+000; w1(3,4)=1.1622171795e+000; 
w20=-4.7299157871e-001; w2(1)=-7.7952938116e-002; w2(2)=2.7535755769e+000; w2(3)=-2.6155550330e+000; 

