
%liczba neuronów ukrytych: 10, liczba wejœæ sieci: 4
%wejœcie 1: u(k-3)
%wejœcie 2: u(k-4)
%wejœcie 3: y(k-1)
%wejœcie 4: y(k-2)
%uczenie w trybie OE
w10(1,1)=-5.1684531557e-002; w1(1,1)=-6.5600915648e-002; w1(1,2)=4.5447626586e-002; w1(1,3)=-1.5331851648e-003; w1(1,4)=1.5299431760e-001; 
w10(2,1)=5.3716024405e-001; w1(2,1)=-1.0668938552e-001; w1(2,2)=-1.7269436850e-001; w1(2,3)=2.2443503428e-001; w1(2,4)=3.7386856058e-001; 
w10(3,1)=-5.0460855267e-002; w1(3,1)=1.0891310671e-002; w1(3,2)=5.5647893915e-002; w1(3,3)=-7.5620271400e-002; w1(3,4)=-1.9362820308e-001; 
w10(4,1)=5.9512650588e-002; w1(4,1)=8.6649759437e-002; w1(4,2)=-4.1335034981e-002; w1(4,3)=5.0071404651e-002; w1(4,4)=3.2235015020e-001; 
w10(5,1)=-2.7811686674e-001; w1(5,1)=1.0008219043e-001; w1(5,2)=2.4013886849e-001; w1(5,3)=-8.7893897083e-002; w1(5,4)=-3.4978576951e-001; 
w10(6,1)=-8.1664401705e-002; w1(6,1)=3.8052459242e-002; w1(6,2)=4.1912793033e-002; w1(6,3)=-2.7373735213e-002; w1(6,4)=-3.1956054220e-001; 
w10(7,1)=4.3832634894e-002; w1(7,1)=-8.4167079733e-002; w1(7,2)=5.6096584692e-003; w1(7,3)=1.1575073294e-001; w1(7,4)=2.2214619251e-001; 
w10(8,1)=7.4819164893e-003; w1(8,1)=2.8408833117e-002; w1(8,2)=5.9003213146e-003; w1(8,3)=-7.1328041213e-002; w1(8,4)=4.1868857509e-002; 
w10(9,1)=-1.6905611188e-002; w1(9,1)=-1.3711185969e-002; w1(9,2)=-8.9876730914e-002; w1(9,3)=-5.7866354311e-002; w1(9,4)=-1.6714167470e-001; 
w10(10,1)=3.2088050041e-002; w1(10,1)=1.0334825402e-003; w1(10,2)=-1.6626413641e-001; w1(10,3)=3.7612015755e-002; w1(10,4)=2.0123622198e-001; 
w20=-4.2700016412e-001; w2(1)=8.6655169814e-002; w2(2)=5.6990762105e-001; w2(3)=-2.2871199186e-001; w2(4)=3.4791444397e-001; w2(5)=-3.3197280973e-001; w2(6)=-2.8390612942e-001; w2(7)=2.1227321636e-001; w2(8)=1.6824659245e-002; w2(9)=-1.9288170905e-001; w2(10)=1.9404765901e-001; 

