
%liczba neuronów ukrytych: 2, liczba wejœæ sieci: 4
%wejœcie 1: u(k-3)
%wejœcie 2: u(k-4)
%wejœcie 3: y(k-1)
%wejœcie 4: y(k-2)
%uczenie w trybie OE
w10(1,1)=6.2725387775e-001; w1(1,1)=-5.6416729180e-002; w1(1,2)=1.4380739745e-002; w1(1,3)=8.0659038555e-001; w1(1,4)=-3.2606876391e-001; 
w10(2,1)=-5.9937359319e-001; w1(2,1)=1.6376322387e-001; w1(2,2)=-1.3690348515e-001; w1(2,3)=1.8270549731e+000; w1(2,4)=-8.3217954100e-001; 
w20=-7.9299559899e-001; w2(1)=1.9043695010e+000; w2(2)=4.9738921903e-001; 

