
%liczba neuronów ukrytych: 4, liczba wejœæ sieci: 4
%wejœcie 1: u(k-3)
%wejœcie 2: u(k-4)
%wejœcie 3: y(k-1)
%wejœcie 4: y(k-2)
%uczenie w trybie OE
w10(1,1)=-2.2430121048e-001; w1(1,1)=2.2455070244e-001; w1(1,2)=3.0008256280e+000; w1(1,3)=2.8152957164e+000; w1(1,4)=-2.1892166592e+000; 
w10(2,1)=1.1435454511e-001; w1(2,1)=-4.6721889086e-001; w1(2,2)=3.2341761554e-001; w1(2,3)=1.5595520171e+000; w1(2,4)=-1.3541929440e+000; 
w10(3,1)=9.8463824922e-001; w1(3,1)=3.4014326113e-001; w1(3,2)=-2.4957288217e-001; w1(3,3)=-3.1088782149e-001; w1(3,4)=7.3025325441e-001; 
w10(4,1)=4.5725357499e-001; w1(4,1)=-3.2354928000e-001; w1(4,2)=2.3322572586e-001; w1(4,3)=3.0820875391e-001; w1(4,4)=-6.0456009746e-001; 
w20=-8.2198216316e-002; w2(1)=-1.3896746941e-002; w2(2)=1.5188564659e+000; w2(3)=1.0191604899e+000; w2(4)=-2.0172074803e+000; 

