
%liczba neuronów ukrytych: 3, liczba wejœæ sieci: 4
%wejœcie 1: u(k-3)
%wejœcie 2: u(k-4)
%wejœcie 3: y(k-1)
%wejœcie 4: y(k-2)
%uczenie w trybie OE
w10(1,1)=-2.2959431349e-001; w1(1,1)=6.4143897339e-001; w1(1,2)=8.7308300748e-001; w1(1,3)=-5.3051424703e-002; w1(1,4)=-1.0589663947e-001; 
w10(2,1)=-3.8409017447e-003; w1(2,1)=1.9456932983e-001; w1(2,2)=-1.1199925948e-001; w1(2,3)=1.6805404514e-001; w1(2,4)=5.2004617303e-001; 
w10(3,1)=7.3431006363e-001; w1(3,1)=-1.1327512249e-001; w1(3,2)=-4.2395387099e-001; w1(3,3)=1.2213737376e-002; w1(3,4)=4.4526605567e-001; 
w20=-4.5959952049e-001; w2(1)=-7.9361805705e-002; w2(2)=1.0118025476e+000; w2(3)=7.3857250330e-001; 

