
%liczba neuronów ukrytych: 3, liczba wejœæ sieci: 4
%wejœcie 1: u(k-3)
%wejœcie 2: u(k-4)
%wejœcie 3: y(k-1)
%wejœcie 4: y(k-2)
%uczenie w trybie ARX
w10(1,1)=-8.5140179153e-001; w1(1,1)=5.6806329950e-002; w1(1,2)=2.4458893940e-004; w1(1,3)=3.6884170866e-002; w1(1,4)=-6.1285771822e-001; 
w10(2,1)=-6.1800746174e-001; w1(2,1)=-9.8127715647e-003; w1(2,2)=1.1945393453e-001; w1(2,3)=-5.6149723085e-001; w1(2,4)=1.6810827906e+000; 
w10(3,1)=-2.6131236220e-001; w1(3,1)=-8.3287277723e-002; w1(3,2)=3.7606581257e-001; w1(3,3)=-4.1114613909e+000; w1(3,4)=3.4965510416e+000; 
w20=-7.3405047698e-001; w2(1)=-1.2852735789e+000; w2(2)=4.5765684355e-001; w2(3)=-3.8532705541e-001; 

