
%liczba neuronów ukrytych: 10, liczba wejœæ sieci: 4
%wejœcie 1: u(k-3)
%wejœcie 2: u(k-4)
%wejœcie 3: y(k-1)
%wejœcie 4: y(k-2)
%uczenie w trybie OE
w10(1,1)=5.2489214441e-001; w1(1,1)=-6.1441689202e-002; w1(1,2)=-2.8630291477e-001; w1(1,3)=1.4939423065e-001; w1(1,4)=3.7412610690e-001; 
w10(2,1)=2.8480068470e-002; w1(2,1)=-2.7845143100e-001; w1(2,2)=-2.6576732303e-001; w1(2,3)=1.1042715673e-001; w1(2,4)=1.0284849103e-001; 
w10(3,1)=9.1089292392e-003; w1(3,1)=3.6080850729e-003; w1(3,2)=-6.3112585256e-002; w1(3,3)=2.1204764901e-004; w1(3,4)=1.3524179503e-002; 
w10(4,1)=-4.8517955308e-002; w1(4,1)=-4.2509972588e-002; w1(4,2)=-1.6939726836e-001; w1(4,3)=2.6171439088e-002; w1(4,4)=1.8924640107e-001; 
w10(5,1)=-9.6446244344e-002; w1(5,1)=-2.4801198490e-001; w1(5,2)=-1.9671355796e-001; w1(5,3)=6.6945119532e-002; w1(5,4)=5.1447320180e-002; 
w10(6,1)=-1.0036281207e-003; w1(6,1)=1.6219825984e-001; w1(6,2)=-3.5185798473e-002; w1(6,3)=1.6550892243e-001; w1(6,4)=2.3544800017e-001; 
w10(7,1)=8.6366808544e-003; w1(7,1)=-1.6409923364e-001; w1(7,2)=-6.1895170768e-002; w1(7,3)=-8.9441550555e-002; w1(7,4)=-2.9999946597e-001; 
w10(8,1)=-2.5917202443e-002; w1(8,1)=-1.5571679751e-001; w1(8,2)=-4.2993726999e-002; w1(8,3)=-6.6362509417e-002; w1(8,4)=-2.0497276899e-001; 
w10(9,1)=1.3536009459e-001; w1(9,1)=-2.8232676909e-001; w1(9,2)=-3.7626380313e-001; w1(9,3)=7.0981071939e-002; w1(9,4)=1.9099775613e-001; 
w10(10,1)=3.8111774334e-002; w1(10,1)=1.9701159085e-001; w1(10,2)=1.5187151323e-001; w1(10,3)=-2.0833312709e-002; w1(10,4)=-8.4866237718e-002; 
w20=-3.6789814169e-001; w2(1)=7.2322213947e-001; w2(2)=1.8344849963e-001; w2(3)=5.9736845071e-002; w2(4)=2.6639524638e-001; w2(5)=-7.1602149816e-002; w2(6)=4.0481961893e-001; w2(7)=-4.7551618368e-001; w2(8)=-2.7336532098e-001; w2(9)=2.4239134153e-001; w2(10)=-4.0675499322e-002; 

