
%liczba neuronów ukrytych: 5, liczba wejœæ sieci: 4
%wejœcie 1: u(k-3)
%wejœcie 2: u(k-4)
%wejœcie 3: y(k-1)
%wejœcie 4: y(k-2)
%uczenie w trybie ARX
w10(1,1)=1.4384936743e+000; w1(1,1)=-2.3326360181e-001; w1(1,2)=-1.3007463673e+000; w1(1,3)=-1.7969669118e-001; w1(1,4)=-6.0020097342e-001; 
w10(2,1)=-1.0140817321e+000; w1(2,1)=5.8179014706e-002; w1(2,2)=-1.2426744213e-001; w1(2,3)=4.9325119831e-002; w1(2,4)=-5.3153543664e-001; 
w10(3,1)=-6.2789758633e-001; w1(3,1)=-1.6768891370e-001; w1(3,2)=-6.3323389739e-001; w1(3,3)=-5.7331580168e-001; w1(3,4)=7.2901841783e-001; 
w10(4,1)=-1.7325828750e-001; w1(4,1)=6.4861346456e-002; w1(4,2)=5.1154100138e-001; w1(4,3)=-5.2137668807e-001; w1(4,4)=1.8628399517e-001; 
w10(5,1)=-9.5041214204e-001; w1(5,1)=-1.8518202225e-001; w1(5,2)=-5.7233119735e-001; w1(5,3)=-8.7445379564e-001; w1(5,4)=1.4008041025e+000; 
w20=-8.3074468365e-001; w2(1)=-4.4358945919e-001; w2(2)=-1.1614976263e+000; w2(3)=-1.5609107722e+000; w2(4)=-1.5857723162e+000; w2(5)=1.0858283915e+000; 

