
%liczba neuronów ukrytych: 4, liczba wejœæ sieci: 4
%wejœcie 1: u(k-3)
%wejœcie 2: u(k-4)
%wejœcie 3: y(k-1)
%wejœcie 4: y(k-2)
%uczenie w trybie OE
w10(1,1)=3.8435397449e-001; w1(1,1)=-3.8076062852e-002; w1(1,2)=-1.1410276365e-001; w1(1,3)=1.4213848481e-001; w1(1,4)=3.9897535907e-001; 
w10(2,1)=3.2209961285e-001; w1(2,1)=-1.9774123976e-001; w1(2,2)=-2.7707118203e-001; w1(2,3)=2.1373718735e-002; w1(2,4)=3.5046418580e-001; 
w10(3,1)=-1.0872637142e-002; w1(3,1)=-9.5261004253e-002; w1(3,2)=5.4876126130e-006; w1(3,3)=-1.9404178654e-001; w1(3,4)=-2.5345065972e-001; 
w10(4,1)=-8.7216195243e-003; w1(4,1)=6.3223643370e-002; w1(4,2)=1.3553942864e-001; w1(4,3)=4.9048032246e-002; w1(4,4)=1.3763744122e-001; 
w20=-4.8260720196e-001; w2(1)=7.9848169424e-001; w2(2)=6.5227001987e-001; w2(3)=-5.0694642828e-001; w2(4)=2.6342237495e-001; 

