
%liczba neuronów ukrytych: 1, liczba wejœæ sieci: 4
%wejœcie 1: u(k-3)
%wejœcie 2: u(k-4)
%wejœcie 3: y(k-1)
%wejœcie 4: y(k-2)
%uczenie w trybie OE
w10(1,1)=-2.8667506823e-001; w1(1,1)=-1.1085117018e-001; w1(1,2)=2.3196917214e-001; w1(1,3)=-2.5794474883e-001; w1(1,4)=-1.6435214965e-001; 
w20=-6.1154940945e-001; w2(1)=-2.2209225847e+000; 

