
%liczba neuronów ukrytych: 3, liczba wejœæ sieci: 4
%wejœcie 1: u(k-3)
%wejœcie 2: u(k-4)
%wejœcie 3: y(k-1)
%wejœcie 4: y(k-2)
%uczenie w trybie OE
w10(1,1)=5.1600137282e-001; w1(1,1)=7.7842771493e-002; w1(1,2)=-1.4357038278e-001; w1(1,3)=2.0126087793e-001; w1(1,4)=4.8406487835e-001; 
w10(2,1)=1.3030830348e-001; w1(2,1)=-6.5786400408e-002; w1(2,2)=-1.9489158054e-001; w1(2,3)=8.7381982140e-002; w1(2,4)=3.2330548040e-001; 
w10(3,1)=1.1816607325e-001; w1(3,1)=-1.5362278184e-001; w1(3,2)=-2.9023900327e-001; w1(3,3)=2.1795051731e-002; w1(3,4)=2.9988396956e-001; 
w20=-5.3470080633e-001; w2(1)=9.3765987471e-001; w2(2)=5.4079754336e-001; w2(3)=3.1814566309e-001; 

