
%liczba neuronów ukrytych: 7, liczba wejœæ sieci: 4
%wejœcie 1: u(k-3)
%wejœcie 2: u(k-4)
%wejœcie 3: y(k-1)
%wejœcie 4: y(k-2)
%uczenie w trybie OE
w10(1,1)=-1.2240152133e+000; w1(1,1)=1.8030786987e+000; w1(1,2)=8.2136855155e-001; w1(1,3)=1.3432779661e+000; w1(1,4)=-1.0882989804e-001; 
w10(2,1)=2.3385174965e-002; w1(2,1)=-8.1717321012e-001; w1(2,2)=7.4498472346e-001; w1(2,3)=-1.0753488789e+000; w1(2,4)=-1.3827760690e-003; 
w10(3,1)=1.1428806059e+000; w1(3,1)=6.3914388018e-002; w1(3,2)=-2.1719315714e-001; w1(3,3)=-9.2111626635e-001; w1(3,4)=-5.6808219081e-002; 
w10(4,1)=-1.7537162574e-001; w1(4,1)=1.7892254973e+000; w1(4,2)=4.2978244403e-001; w1(4,3)=-1.1682298503e+000; w1(4,4)=9.7414617059e-001; 
w10(5,1)=-3.4366041178e-001; w1(5,1)=1.5818483772e-001; w1(5,2)=3.4061179653e-001; w1(5,3)=-1.4801602452e+000; w1(5,4)=1.3200174882e+000; 
w10(6,1)=-2.1323841238e-001; w1(6,1)=1.7314255620e-001; w1(6,2)=1.3965835120e+000; w1(6,3)=1.6552792485e+000; w1(6,4)=2.6393876854e-001; 
w10(7,1)=8.3048722981e-001; w1(7,1)=1.3230510143e-003; w1(7,2)=1.5621087554e-002; w1(7,3)=7.5114097179e-001; w1(7,4)=-2.2621819018e-001; 
w20=-6.3111219726e-001; w2(1)=2.1895107421e-002; w2(2)=-2.6019637647e-001; w2(3)=-6.6315785423e-001; w2(4)=-5.2929170806e-002; w2(5)=-1.6316927484e-001; w2(6)=-3.4975071583e-002; w2(7)=1.6547755276e+000; 

