
%liczba neuronów ukrytych: 4, liczba wejœæ sieci: 4
%wejœcie 1: u(k-3)
%wejœcie 2: u(k-4)
%wejœcie 3: y(k-1)
%wejœcie 4: y(k-2)
%uczenie w trybie OE
w10(1,1)=-2.6012826815e-001; w1(1,1)=-3.4729256407e-001; w1(1,2)=5.7361580721e-001; w1(1,3)=-1.7681101745e+000; w1(1,4)=1.4269302686e+000; 
w10(2,1)=-9.3404899083e-002; w1(2,1)=4.3145203867e-001; w1(2,2)=2.7520174643e+000; w1(2,3)=2.7948968097e+000; w1(2,4)=-1.6137917933e+000; 
w10(3,1)=-3.2651728979e-001; w1(3,1)=-1.1972957867e+000; w1(3,2)=2.2844803874e+000; w1(3,3)=-7.0419682198e-001; w1(3,4)=1.1093089364e+000; 
w10(4,1)=3.6049274624e-002; w1(4,1)=-6.1765842600e-002; w1(4,2)=1.2332316831e-001; w1(4,3)=-4.8776261615e-001; w1(4,4)=6.9693301487e-001; 
w20=-3.8385397637e-001; w2(1)=-1.4650460986e+000; w2(2)=-8.9882507309e-002; w2(3)=2.2948432072e-001; w2(4)=2.1626558992e+000; 

