
%liczba neuronów ukrytych: 10, liczba wejœæ sieci: 4
%wejœcie 1: u(k-3)
%wejœcie 2: u(k-4)
%wejœcie 3: y(k-1)
%wejœcie 4: y(k-2)
%uczenie w trybie ARX
w10(1,1)=1.0526536406e-001; w1(1,1)=5.0622972379e-001; w1(1,2)=8.9785263961e-001; w1(1,3)=-2.6048964025e-001; w1(1,4)=1.0553657886e+000; 
w10(2,1)=9.5633462980e-001; w1(2,1)=-4.8306617569e-001; w1(2,2)=-4.7816050143e-001; w1(2,3)=-2.0958092003e-001; w1(2,4)=3.1754875930e-002; 
w10(3,1)=-7.0213899305e-001; w1(3,1)=-3.7617891147e-001; w1(3,2)=2.4339839329e-002; w1(3,3)=4.9714843055e-001; w1(3,4)=3.5115662221e-001; 
w10(4,1)=1.8542093952e-001; w1(4,1)=6.0445852992e-001; w1(4,2)=1.3256878787e+000; w1(4,3)=1.1705293328e+000; w1(4,4)=-1.0603972830e-001; 
w10(5,1)=-9.7716787668e-001; w1(5,1)=-1.7889627065e-001; w1(5,2)=4.0935854586e-001; w1(5,3)=1.4413169985e-001; w1(5,4)=6.4336543218e-001; 
w10(6,1)=-9.4925322038e-001; w1(6,1)=2.6337303370e-001; w1(6,2)=-3.2373232516e-001; w1(6,3)=-3.9436404778e-001; w1(6,4)=-2.4212597560e-001; 
w10(7,1)=-1.0526291147e-001; w1(7,1)=-5.7946887925e-002; w1(7,2)=5.0877522588e-001; w1(7,3)=-9.8124695315e-001; w1(7,4)=7.8035732393e-001; 
w10(8,1)=-5.7473119889e-001; w1(8,1)=3.5897886232e-001; w1(8,2)=2.3722962400e-001; w1(8,3)=-2.8345189080e-001; w1(8,4)=-7.3023063065e-001; 
w10(9,1)=1.0256855339e+000; w1(9,1)=9.3133769129e-001; w1(9,2)=1.0201037106e+000; w1(9,3)=-5.8301549634e-002; w1(9,4)=-1.1031925081e-001; 
w10(10,1)=8.6393414519e-001; w1(10,1)=-1.8188124342e-002; w1(10,2)=1.9330898443e-001; w1(10,3)=-3.1388669049e-001; w1(10,4)=-1.0791276603e-001; 
w20=-5.5050564011e-001; w2(1)=8.3642871248e-001; w2(2)=-4.8122493325e-001; w2(3)=5.6448006171e-001; w2(4)=-6.8961820559e-001; w2(5)=3.6032389904e-001; w2(6)=-9.3067674990e-001; w2(7)=-1.2756607116e+000; w2(8)=-1.2506572135e-001; w2(9)=2.4120604835e-001; w2(10)=6.9820964115e-001; 

