
%liczba neuronów ukrytych: 5, liczba wejœæ sieci: 4
%wejœcie 1: u(k-3)
%wejœcie 2: u(k-4)
%wejœcie 3: y(k-1)
%wejœcie 4: y(k-2)
%uczenie w trybie OE
w10(1,1)=7.7940611477e-001; w1(1,1)=3.5265441723e-001; w1(1,2)=-2.4112220866e-001; w1(1,3)=-2.0487970195e-001; w1(1,4)=7.6103027143e-001; 
w10(2,1)=-2.4066422020e-002; w1(2,1)=-3.8326191703e-001; w1(2,2)=-1.2412207379e+000; w1(2,3)=-5.7643498919e-001; w1(2,4)=8.7973875159e-002; 
w10(3,1)=3.0182160995e-001; w1(3,1)=-5.5061092060e-001; w1(3,2)=2.6615199060e-001; w1(3,3)=2.1379977565e+000; w1(3,4)=-1.7417665166e+000; 
w10(4,1)=5.5714250312e-001; w1(4,1)=-8.4329033817e-001; w1(4,2)=2.4015461586e-001; w1(4,3)=1.1194278447e-001; w1(4,4)=-6.5960345960e-001; 
w10(5,1)=6.1422743804e-001; w1(5,1)=-2.5496554977e-001; w1(5,2)=1.6854844505e-001; w1(5,3)=-2.2519616548e-002; w1(5,4)=-1.1071271855e+000; 
w20=-6.1025782546e-001; w2(1)=1.0671140199e+000; w2(2)=9.3928240852e-002; w2(3)=8.1253286227e-001; w2(4)=-3.2587975415e-001; w2(5)=-2.8595573113e-001; 

