
%liczba neuronów ukrytych: 8, liczba wejœæ sieci: 4
%wejœcie 1: u(k-3)
%wejœcie 2: u(k-4)
%wejœcie 3: y(k-1)
%wejœcie 4: y(k-2)
%uczenie w trybie OE
w10(1,1)=7.9466214937e-001; w1(1,1)=-1.1230861126e-002; w1(1,2)=4.1664453496e-001; w1(1,3)=6.5480610260e-001; w1(1,4)=-1.0776973807e-001; 
w10(2,1)=-7.0975747078e-001; w1(2,1)=2.8660272724e-001; w1(2,2)=8.2628452182e-001; w1(2,3)=8.7209457770e-001; w1(2,4)=-1.1553639669e+000; 
w10(3,1)=3.2812833623e-001; w1(3,1)=7.2194171004e-002; w1(3,2)=-3.6683647104e-001; w1(3,3)=3.0765612326e-001; w1(3,4)=-3.9218691520e-002; 
w10(4,1)=6.8319045323e-001; w1(4,1)=1.2986262847e-001; w1(4,2)=-7.7684051256e-001; w1(4,3)=-1.3944865300e+000; w1(4,4)=8.4617212172e-001; 
w10(5,1)=-5.7108742545e-001; w1(5,1)=-4.3528858833e-001; w1(5,2)=-4.8392989971e-001; w1(5,3)=-3.4823755597e-001; w1(5,4)=6.7786035101e-001; 
w10(6,1)=-8.2219551572e-002; w1(6,1)=4.1724195045e-001; w1(6,2)=-6.4538022799e-001; w1(6,3)=-1.0620271244e+000; w1(6,4)=1.0953921926e+000; 
w10(7,1)=-7.9546111841e-001; w1(7,1)=1.2597673349e-001; w1(7,2)=-2.5112364068e-001; w1(7,3)=4.6157835309e-003; w1(7,4)=7.1732294815e-001; 
w10(8,1)=3.2733956319e-002; w1(8,1)=8.1347214343e-001; w1(8,2)=-3.9090565864e-002; w1(8,3)=-1.2379068412e+000; w1(8,4)=1.1933556241e+000; 
w20=-4.2572793208e-001; w2(1)=8.2149006717e-001; w2(2)=1.4369904483e-001; w2(3)=1.6169703994e+000; w2(4)=-6.0741968767e-001; w2(5)=-1.9146020323e-001; w2(6)=2.3640839866e-001; w2(7)=3.7775048818e-001; w2(8)=-3.2948746672e-001; 

