
%liczba neuronów ukrytych: 4, liczba wejœæ sieci: 4
%wejœcie 1: u(k-3)
%wejœcie 2: u(k-4)
%wejœcie 3: y(k-1)
%wejœcie 4: y(k-2)
%uczenie w trybie OE
w10(1,1)=8.2986493055e-002; w1(1,1)=-4.6510495317e-002; w1(1,2)=3.8121347713e-002; w1(1,3)=4.2515100374e-001; w1(1,4)=-1.2508397216e-001; 
w10(2,1)=8.0805280727e-001; w1(2,1)=-2.7136905999e+000; w1(2,2)=1.2466440174e+000; w1(2,3)=2.4873496434e+000; w1(2,4)=-2.8905523718e+000; 
w10(3,1)=-8.3825220036e-001; w1(3,1)=-1.6625520924e+000; w1(3,2)=3.2934320860e+000; w1(3,3)=-1.0572410386e+000; w1(3,4)=7.4218442106e-001; 
w10(4,1)=3.6786542368e-001; w1(4,1)=-1.7220288238e+000; w1(4,2)=-2.0949328992e+000; w1(4,3)=-4.0506912472e+000; w1(4,4)=2.6094655698e+000; 
w20=-2.4641435821e-001; w2(1)=3.0783065199e+000; w2(2)=-2.1052778965e-001; w2(3)=-1.4851783607e-001; w2(4)=9.3343112231e-002; 

