
%liczba neuronów ukrytych: 2, liczba wejœæ sieci: 4
%wejœcie 1: u(k-3)
%wejœcie 2: u(k-4)
%wejœcie 3: y(k-1)
%wejœcie 4: y(k-2)
%uczenie w trybie OE
w10(1,1)=2.9387346716e-001; w1(1,1)=5.0703392632e-002; w1(1,2)=-6.5854527190e-002; w1(1,3)=5.1286456182e-001; w1(1,4)=-1.1087338071e-001; 
w10(2,1)=-3.4137809701e-001; w1(2,1)=-3.5729486599e+000; w1(2,2)=-6.5235593236e+000; w1(2,3)=-2.3340791814e+001; w1(2,4)=2.0088688456e+001; 
w20=-6.9085100612e-001; w2(1)=2.4846560593e+000; w2(2)=6.1206488857e-002; 

