
%liczba neuronów ukrytych: 4, liczba wejœæ sieci: 4
%wejœcie 1: u(k-3)
%wejœcie 2: u(k-4)
%wejœcie 3: y(k-1)
%wejœcie 4: y(k-2)
%uczenie w trybie OE
w10(1,1)=-5.4630376524e-001; w1(1,1)=-2.8971050564e-001; w1(1,2)=5.3529927441e-001; w1(1,3)=5.7029463754e-001; w1(1,4)=-2.9348428761e-001; 
w10(2,1)=-1.9661560279e-001; w1(2,1)=1.3327321114e-001; w1(2,2)=3.1616772173e-001; w1(2,3)=-1.3937886166e+000; w1(2,4)=1.0944624108e+000; 
w10(3,1)=4.4294873058e-001; w1(3,1)=8.6586415928e-001; w1(3,2)=-1.8958222563e+000; w1(3,3)=-1.9644501202e+000; w1(3,4)=2.7124638032e+000; 
w10(4,1)=-2.6262278318e-001; w1(4,1)=-3.7533383191e-001; w1(4,2)=3.9876016747e-001; w1(4,3)=3.1301110815e-001; w1(4,4)=-6.6039815309e-001; 
w20=1.9761534073e-001; w2(1)=1.4305958336e+000; w2(2)=-9.5261183624e-001; w2(3)=-1.3750334111e-001; w2(4)=-1.5065347466e+000; 

