
%liczba neuronów ukrytych: 7, liczba wejœæ sieci: 4
%wejœcie 1: u(k-3)
%wejœcie 2: u(k-4)
%wejœcie 3: y(k-1)
%wejœcie 4: y(k-2)
%uczenie w trybie OE
w10(1,1)=-8.1767731232e-001; w1(1,1)=3.3775868609e-001; w1(1,2)=-4.9846267902e-001; w1(1,3)=-1.1574355478e+000; w1(1,4)=2.3277994027e+000; 
w10(2,1)=8.8470100976e-002; w1(2,1)=8.8481374817e-002; w1(2,2)=-7.2461678827e-001; w1(2,3)=-1.3904172214e+000; w1(2,4)=8.2833426024e-001; 
w10(3,1)=9.7720322812e-001; w1(3,1)=-2.5718713234e-001; w1(3,2)=6.7032755457e-001; w1(3,3)=9.0536057352e-001; w1(3,4)=-1.4885745496e-001; 
w10(4,1)=2.0233280124e-001; w1(4,1)=-1.1221743829e-001; w1(4,2)=1.1304477244e+000; w1(4,3)=2.3374593943e+000; w1(4,4)=-1.6211795895e+000; 
w10(5,1)=5.4832880557e-001; w1(5,1)=-7.1157853727e-001; w1(5,2)=-4.6739022299e-001; w1(5,3)=1.7761058547e+000; w1(5,4)=-4.8906659776e-002; 
w10(6,1)=-4.2555071778e-001; w1(6,1)=-1.5934901369e-001; w1(6,2)=4.6546472581e-001; w1(6,3)=-7.3373282259e-001; w1(6,4)=4.2364185104e-001; 
w10(7,1)=-2.6871641100e-002; w1(7,1)=-1.3452721839e+000; w1(7,2)=-1.9479537548e+000; w1(7,3)=-1.1205802920e+000; w1(7,4)=8.3899442223e-001; 
w20=-6.1653448293e-001; w2(1)=2.2502816163e-001; w2(2)=-1.0784394394e+000; w2(3)=6.6038043904e-001; w2(4)=-5.3827489950e-001; w2(5)=2.8601788155e-002; w2(6)=-1.1523072778e+000; w2(7)=4.2988439258e-002; 

