
%liczba neuronów ukrytych: 3, liczba wejœæ sieci: 4
%wejœcie 1: u(k-3)
%wejœcie 2: u(k-4)
%wejœcie 3: y(k-1)
%wejœcie 4: y(k-2)
%uczenie w trybie OE
w10(1,1)=-1.1371661058e-002; w1(1,1)=8.8815611755e-002; w1(1,2)=1.5971168127e-001; w1(1,3)=2.5163644248e-001; w1(1,4)=3.3830044785e-001; 
w10(2,1)=-4.2444433956e-001; w1(2,1)=6.7529342812e-002; w1(2,2)=2.5982354328e-001; w1(2,3)=5.4106161257e-002; w1(2,4)=-5.0880698520e-001; 
w10(3,1)=3.3384408515e-001; w1(3,1)=-4.1807467874e-002; w1(3,2)=-2.5420704762e-001; w1(3,3)=1.5544195778e-001; w1(3,4)=3.4287099086e-001; 
w20=-5.0700908083e-001; w2(1)=4.5299257127e-001; w2(2)=-7.6069817820e-001; w2(3)=7.0250352218e-001; 

