
%liczba neuronów ukrytych: 6, liczba wejœæ sieci: 4
%wejœcie 1: u(k-3)
%wejœcie 2: u(k-4)
%wejœcie 3: y(k-1)
%wejœcie 4: y(k-2)
%uczenie w trybie OE
w10(1,1)=4.6351750697e-001; w1(1,1)=1.9811574769e-001; w1(1,2)=-1.3742792178e-001; w1(1,3)=8.3041431318e-001; w1(1,4)=-2.9185799882e-001; 
w10(2,1)=-2.5538231347e-001; w1(2,1)=-5.1002506067e-001; w1(2,2)=-9.0395283812e-001; w1(2,3)=-1.4098513675e-001; w1(2,4)=5.8656469616e-001; 
w10(3,1)=-1.4358054738e-001; w1(3,1)=-7.0021630555e-001; w1(3,2)=3.1167536108e-001; w1(3,3)=9.3476101730e-001; w1(3,4)=-4.9716886224e-001; 
w10(4,1)=-2.5629405538e+000; w1(4,1)=4.9128317199e-001; w1(4,2)=-3.2011479160e-001; w1(4,3)=-6.7240707003e-001; w1(4,4)=-6.8202643320e-001; 
w10(5,1)=-4.9195854807e-002; w1(5,1)=5.1442319140e-001; w1(5,2)=1.4580209243e+000; w1(5,3)=5.3080610463e-001; w1(5,4)=-4.1239009394e-001; 
w10(6,1)=-8.1460000811e-001; w1(6,1)=5.4402128537e-001; w1(6,2)=-2.9212365234e-001; w1(6,3)=8.1636227205e-001; w1(6,4)=1.8163699812e-001; 
w20=-4.3628908965e-001; w2(1)=1.3338728542e+000; w2(2)=-1.2513076582e-001; w2(3)=5.1062801192e-001; w2(4)=-1.6192845028e-001; w2(5)=-9.8725356869e-002; w2(6)=3.9277987100e-001; 

