
%liczba neuronów ukrytych: 8, liczba wejœæ sieci: 4
%wejœcie 1: u(k-3)
%wejœcie 2: u(k-4)
%wejœcie 3: y(k-1)
%wejœcie 4: y(k-2)
%uczenie w trybie ARX
w10(1,1)=-4.3509521228e-001; w1(1,1)=-2.3122575933e-001; w1(1,2)=-1.1137951977e+000; w1(1,3)=-1.5889319656e+000; w1(1,4)=6.1510249783e-001; 
w10(2,1)=-3.5576453743e-001; w1(2,1)=-3.9966542451e-001; w1(2,2)=-6.1695689097e-001; w1(2,3)=-1.1427037941e-001; w1(2,4)=5.1140900974e-001; 
w10(3,1)=-8.7261134051e-001; w1(3,1)=-1.5383796799e-002; w1(3,2)=3.2705158759e-001; w1(3,3)=3.1848847856e-001; w1(3,4)=4.3016942412e-001; 
w10(4,1)=6.0532890102e-001; w1(4,1)=-5.2645863360e-002; w1(4,2)=1.8837851106e-001; w1(4,3)=6.7393342933e-001; w1(4,4)=-4.4554496345e-001; 
w10(5,1)=-9.9673341265e-001; w1(5,1)=-2.4964885477e-002; w1(5,2)=-3.5716058921e-001; w1(5,3)=-4.3534672183e-001; w1(5,4)=-3.1860991389e-001; 
w10(6,1)=-3.2796643658e-001; w1(6,1)=-2.4914062508e-001; w1(6,2)=-6.0327871008e-001; w1(6,3)=-2.9623498941e-001; w1(6,4)=-5.0940168909e-001; 
w10(7,1)=9.4283142449e-001; w1(7,1)=-5.8052468156e-002; w1(7,2)=4.1105639695e-002; w1(7,3)=-9.7335515109e-002; w1(7,4)=-1.0542762587e-002; 
w10(8,1)=1.7354446015e-001; w1(8,1)=-6.8934614436e-002; w1(8,2)=-8.7969210736e-001; w1(8,3)=7.5459550354e-001; w1(8,4)=-4.6942554225e-001; 
w20=-8.3269350725e-001; w2(1)=6.5027032991e-001; w2(2)=-1.9136847505e-001; w2(3)=9.8720806227e-001; w2(4)=1.2587057837e+000; w2(5)=-7.5073650150e-001; w2(6)=-6.6292470079e-001; w2(7)=2.0212898676e-001; w2(8)=6.9347596325e-001; 

