
%liczba neuronów ukrytych: 6, liczba wejœæ sieci: 4
%wejœcie 1: u(k-3)
%wejœcie 2: u(k-4)
%wejœcie 3: y(k-1)
%wejœcie 4: y(k-2)
%uczenie w trybie ARX
w10(1,1)=1.2598800699e+000; w1(1,1)=-1.5393519065e-002; w1(1,2)=4.3232055502e-001; w1(1,3)=1.3221291837e-001; w1(1,4)=4.7638346759e-001; 
w10(2,1)=2.2350244872e-002; w1(2,1)=1.1463712708e-002; w1(2,2)=-1.1863209182e-001; w1(2,3)=1.6888379573e-001; w1(2,4)=4.1206068656e-001; 
w10(3,1)=9.7812274058e-001; w1(3,1)=-3.1657756826e-001; w1(3,2)=-7.0803723383e-001; w1(3,3)=6.1166662635e-002; w1(3,4)=7.5211244017e-001; 
w10(4,1)=3.7187792275e-001; w1(4,1)=-1.5590433696e-001; w1(4,2)=-5.9316065536e-001; w1(4,3)=7.2855504909e-001; w1(4,4)=-3.3534249567e-001; 
w10(5,1)=9.8797895523e-002; w1(5,1)=2.6038883820e-001; w1(5,2)=5.7128481264e-001; w1(5,3)=1.7794946142e-002; w1(5,4)=-9.0013182629e-001; 
w10(6,1)=1.3515693297e+000; w1(6,1)=-3.9487869514e-002; w1(6,2)=-5.5324817811e-001; w1(6,3)=4.1339389727e-001; w1(6,4)=-9.8080994703e-001; 
w20=2.3378812161e-001; w2(1)=9.2403810305e-001; w2(2)=1.0017456804e+000; w2(3)=-4.5734762951e-001; w2(4)=1.4579259924e+000; w2(5)=4.0490512480e-001; w2(6)=-1.4336742871e+000; 

