
%liczba neuronów ukrytych: 4, liczba wejœæ sieci: 4
%wejœcie 1: u(k-3)
%wejœcie 2: u(k-4)
%wejœcie 3: y(k-1)
%wejœcie 4: y(k-2)
%uczenie w trybie OE
w10(1,1)=3.9509564476e-002; w1(1,1)=2.6125565754e-002; w1(1,2)=8.3825498278e-002; w1(1,3)=-1.4540368398e-001; w1(1,4)=-2.0570354649e-001; 
w10(2,1)=5.9885274331e-002; w1(2,1)=3.9053009823e-002; w1(2,2)=-1.3216256653e-001; w1(2,3)=9.2381089999e-002; w1(2,4)=4.5716929159e-001; 
w10(3,1)=5.8158167070e-001; w1(3,1)=-1.0505403421e-001; w1(3,2)=-2.7180364975e-001; w1(3,3)=1.4415817108e-001; w1(3,4)=3.8161331422e-001; 
w10(4,1)=-2.7529697265e-002; w1(4,1)=-9.1860928811e-002; w1(4,2)=-7.3850725137e-003; w1(4,3)=-2.0975073863e-001; w1(4,4)=-2.3991723281e-001; 
w20=-4.3448340115e-001; w2(1)=-2.8816098080e-001; w2(2)=5.5325362953e-001; w2(3)=7.9765270456e-001; w2(4)=-3.7161552145e-001; 

