
%liczba neuronów ukrytych: 8, liczba wejœæ sieci: 4
%wejœcie 1: u(k-3)
%wejœcie 2: u(k-4)
%wejœcie 3: y(k-1)
%wejœcie 4: y(k-2)
%uczenie w trybie OE
w10(1,1)=7.7036771083e-002; w1(1,1)=8.5377027573e-002; w1(1,2)=-3.2498159653e-002; w1(1,3)=1.2435382165e-001; w1(1,4)=2.5608797581e-001; 
w10(2,1)=3.4829489093e-002; w1(2,1)=2.9070053614e-002; w1(2,2)=-2.4856092542e-002; w1(2,3)=-6.3745298309e-002; w1(2,4)=-1.8735570020e-001; 
w10(3,1)=2.2619390459e-002; w1(3,1)=6.3397797496e-002; w1(3,2)=5.0805871860e-002; w1(3,3)=1.3597933480e-001; w1(3,4)=2.3984259382e-001; 
w10(4,1)=-2.8834677373e-002; w1(4,1)=-1.6563543488e-001; w1(4,2)=-4.4024085669e-002; w1(4,3)=5.0852953320e-002; w1(4,4)=1.5693507985e-001; 
w10(5,1)=2.0261375167e-001; w1(5,1)=-7.3150347122e-002; w1(5,2)=-4.8057972207e-002; w1(5,3)=2.2100288730e-001; w1(5,4)=2.1547934698e-001; 
w10(6,1)=-4.5318793553e-001; w1(6,1)=4.5905346336e-002; w1(6,2)=2.5503849598e-001; w1(6,3)=-1.6531732247e-001; w1(6,4)=-3.5325606697e-001; 
w10(7,1)=-3.8964363889e-001; w1(7,1)=1.6589566038e-001; w1(7,2)=2.4065023924e-001; w1(7,3)=-9.3187299835e-002; w1(7,4)=-3.6362964435e-001; 
w10(8,1)=-1.4387013536e-002; w1(8,1)=-1.4819609250e-002; w1(8,2)=3.1372524021e-002; w1(8,3)=1.1110858444e-001; w1(8,4)=2.0798631031e-001; 
w20=-4.2534830877e-001; w2(1)=3.4480819414e-001; w2(2)=-1.7833953592e-001; w2(3)=2.9892735953e-001; w2(4)=1.0601846703e-001; w2(5)=3.1759187045e-001; w2(6)=-4.8846294508e-001; w2(7)=-3.9589423827e-001; w2(8)=2.1327114859e-001; 

