
%liczba neuronów ukrytych: 5, liczba wejœæ sieci: 4
%wejœcie 1: u(k-3)
%wejœcie 2: u(k-4)
%wejœcie 3: y(k-1)
%wejœcie 4: y(k-2)
%uczenie w trybie OE
w10(1,1)=-4.2192115379e-001; w1(1,1)=-5.7107322041e-002; w1(1,2)=-3.6489933870e-002; w1(1,3)=5.2611881038e-001; w1(1,4)=-3.4282628035e-003; 
w10(2,1)=-9.9707713814e-001; w1(2,1)=1.7929559499e+000; w1(2,2)=-9.3023067066e-001; w1(2,3)=1.6321686060e+000; w1(2,4)=-1.0248433323e+000; 
w10(3,1)=-2.8521517370e-001; w1(3,1)=7.6377183033e-001; w1(3,2)=3.1405241770e-001; w1(3,3)=-1.9403490044e+000; w1(3,4)=1.6034115226e+000; 
w10(4,1)=-9.2139432870e-001; w1(4,1)=1.7137440147e+000; w1(4,2)=-2.3977497906e+000; w1(4,3)=-2.1398067918e+000; w1(4,4)=1.2736127948e+000; 
w10(5,1)=-1.1442523364e+000; w1(5,1)=-3.8778283543e-001; w1(5,2)=6.7087268117e-001; w1(5,3)=-3.5029794775e-001; w1(5,4)=-1.7409945123e-001; 
w20=-1.6869418082e-001; w2(1)=1.2344082904e+000; w2(2)=3.7998490488e-001; w2(3)=-1.6415195504e-001; w2(4)=-2.9026844539e-001; w2(5)=-8.4976314552e-001; 

