
%liczba neuronów ukrytych: 9, liczba wejœæ sieci: 4
%wejœcie 1: u(k-3)
%wejœcie 2: u(k-4)
%wejœcie 3: y(k-1)
%wejœcie 4: y(k-2)
%uczenie w trybie OE
w10(1,1)=1.2582788311e-001; w1(1,1)=-5.2837461138e-003; w1(1,2)=-1.7216716430e-001; w1(1,3)=1.7243201112e-001; w1(1,4)=2.5727233443e-001; 
w10(2,1)=6.3327225440e-002; w1(2,1)=-4.7782888816e-002; w1(2,2)=-2.3633650682e-001; w1(2,3)=1.6575098981e-001; w1(2,4)=1.9966415660e-001; 
w10(3,1)=1.1266281845e-002; w1(3,1)=-5.6933569801e-002; w1(3,2)=-1.9612946857e-002; w1(3,3)=-4.4924159970e-002; w1(3,4)=-1.6249184095e-001; 
w10(4,1)=-3.7491850792e-004; w1(4,1)=-9.5370021364e-002; w1(4,2)=5.0566648293e-003; w1(4,3)=-1.6105752383e-001; w1(4,4)=-2.8834486695e-001; 
w10(5,1)=2.9598197463e-002; w1(5,1)=-5.4922127167e-002; w1(5,2)=3.0617548793e-003; w1(5,3)=-2.6865641521e-002; w1(5,4)=-6.4999855236e-002; 
w10(6,1)=9.3331399675e-003; w1(6,1)=-9.5387282051e-002; w1(6,2)=-1.1887963058e-001; w1(6,3)=1.5696425872e-001; w1(6,4)=1.6088683409e-001; 
w10(7,1)=4.8248359840e-002; w1(7,1)=-3.5891987406e-002; w1(7,2)=5.0811835067e-002; w1(7,3)=-8.0534497323e-002; w1(7,4)=-1.2710004023e-003; 
w10(8,1)=6.0711033600e-001; w1(8,1)=-1.0927821767e-001; w1(8,2)=-2.3142673572e-001; w1(8,3)=2.0441736746e-001; w1(8,4)=3.7944999621e-001; 
w10(9,1)=-3.4332626367e-002; w1(9,1)=8.1389644537e-002; w1(9,2)=-1.3990497692e-002; w1(9,3)=1.0088143052e-001; w1(9,4)=2.4402377469e-001; 
w20=-3.8168766138e-001; w2(1)=3.4052449101e-001; w2(2)=2.4210585398e-001; w2(3)=-1.5931024723e-001; w2(4)=-3.5066834822e-001; w2(5)=-6.8863120791e-002; w2(6)=2.0413797519e-001; w2(7)=-4.2808165729e-002; w2(8)=6.4806698167e-001; w2(9)=2.9328666351e-001; 

