
%liczba neuronów ukrytych: 1, liczba wejœæ sieci: 4
%wejœcie 1: u(k-3)
%wejœcie 2: u(k-4)
%wejœcie 3: y(k-1)
%wejœcie 4: y(k-2)
%uczenie w trybie OE
w10(1,1)=-2.8667474050e-001; w1(1,1)=-1.1085069033e-001; w1(1,2)=2.3196824654e-001; w1(1,3)=-2.5794602795e-001; w1(1,4)=-1.6435045178e-001; 
w20=-6.1154947697e-001; w2(1)=-2.2209251259e+000; 

