
%liczba neuronów ukrytych: 6, liczba wejœæ sieci: 4
%wejœcie 1: u(k-3)
%wejœcie 2: u(k-4)
%wejœcie 3: y(k-1)
%wejœcie 4: y(k-2)
%uczenie w trybie ARX
w10(1,1)=-8.3218938075e-001; w1(1,1)=-6.1917854278e-001; w1(1,2)=-5.4807923125e-001; w1(1,3)=-3.8572823236e-002; w1(1,4)=4.7874730778e-001; 
w10(2,1)=1.1980812804e+000; w1(2,1)=-4.1845978171e-001; w1(2,2)=-1.0010653938e+000; w1(2,3)=-1.0499697561e+000; w1(2,4)=3.6988783533e-001; 
w10(3,1)=8.1361656912e-001; w1(3,1)=3.8973745312e-001; w1(3,2)=2.7591399216e-001; w1(3,3)=3.8592371373e-001; w1(3,4)=-1.0377150390e+000; 
w10(4,1)=1.7129171867e+000; w1(4,1)=1.6805447844e-001; w1(4,2)=7.4408356730e-001; w1(4,3)=1.4366556339e+000; w1(4,4)=-9.4698691436e-001; 
w10(5,1)=-2.4596073749e-001; w1(5,1)=3.9903587946e-002; w1(5,2)=5.9006259425e-001; w1(5,3)=-8.2266385302e-001; w1(5,4)=4.2761517170e-001; 
w10(6,1)=1.0360763886e+000; w1(6,1)=-1.1577361478e-001; w1(6,2)=-8.1189184978e-002; w1(6,3)=-2.8858049697e-001; w1(6,4)=7.0585195416e-001; 
w20=-1.4496697176e+000; w2(1)=-4.7059767966e-001; w2(2)=-5.4230292492e-001; w2(3)=-8.3337370260e-001; w2(4)=1.1178265162e+000; w2(5)=-9.0863559897e-001; w2(6)=1.1287808297e+000; 

