
%liczba neuronów ukrytych: 9, liczba wejœæ sieci: 4
%wejœcie 1: u(k-3)
%wejœcie 2: u(k-4)
%wejœcie 3: y(k-1)
%wejœcie 4: y(k-2)
%uczenie w trybie OE
w10(1,1)=8.9550696159e-002; w1(1,1)=9.6313087098e-002; w1(1,2)=9.8190224441e-002; w1(1,3)=-6.0125604509e-002; w1(1,4)=-8.8925974672e-002; 
w10(2,1)=-2.1105823420e-002; w1(2,1)=-1.0504451708e-002; w1(2,2)=-6.2341405697e-002; w1(2,3)=2.0050225520e-001; w1(2,4)=1.7162690144e-001; 
w10(3,1)=-1.3792579494e-002; w1(3,1)=-1.1827032043e-001; w1(3,2)=3.6286192697e-002; w1(3,3)=-1.2959532573e-001; w1(3,4)=-1.6251429696e-001; 
w10(4,1)=-5.8758252284e-003; w1(4,1)=-4.9715652157e-002; w1(4,2)=1.0611233346e-001; w1(4,3)=-1.2477182119e-001; w1(4,4)=-1.5028245797e-001; 
w10(5,1)=-1.6506355653e-002; w1(5,1)=-1.6787608648e-001; w1(5,2)=-6.7720335584e-002; w1(5,3)=9.2717117623e-002; w1(5,4)=2.2756345733e-001; 
w10(6,1)=2.4454952784e-002; w1(6,1)=7.5758600972e-002; w1(6,2)=-2.4128881252e-002; w1(6,3)=1.7060649314e-001; w1(6,4)=4.1014099378e-001; 
w10(7,1)=1.8380728649e-002; w1(7,1)=-3.8331424378e-002; w1(7,2)=8.0718886700e-002; w1(7,3)=-4.5385387147e-002; w1(7,4)=-2.1253492659e-001; 
w10(8,1)=-6.4491264547e-001; w1(8,1)=1.1836616594e-001; w1(8,2)=2.4962514665e-001; w1(8,3)=-1.0847011008e-001; w1(8,4)=-4.7397574016e-001; 
w10(9,1)=-1.0780263306e-001; w1(9,1)=-1.7582922860e-001; w1(9,2)=-3.1693755818e-001; w1(9,3)=-1.1910406409e-002; w1(9,4)=1.3102539284e-001; 
w20=-3.6365821042e-001; w2(1)=-5.9632031012e-002; w2(2)=2.3821676886e-001; w2(3)=-2.0590376738e-001; w2(4)=-1.8710865800e-001; w2(5)=1.7717033622e-001; w2(6)=4.6846397396e-001; w2(7)=-1.9582344424e-001; w2(8)=-6.8017507827e-001; w2(9)=8.0776047523e-002; 

