
%liczba neuronów ukrytych: 2, liczba wejœæ sieci: 4
%wejœcie 1: u(k-3)
%wejœcie 2: u(k-4)
%wejœcie 3: y(k-1)
%wejœcie 4: y(k-2)
%uczenie w trybie OE
w10(1,1)=-3.4137809363e-001; w1(1,1)=-3.5729436227e+000; w1(1,2)=-6.5235525771e+000; w1(1,3)=-2.3340758675e+001; w1(1,4)=2.0088659120e+001; 
w10(2,1)=-2.9387378122e-001; w1(2,1)=-5.0703614668e-002; w1(2,2)=6.5854768663e-002; w1(2,3)=-5.1286495492e-001; w1(2,4)=1.1087325752e-001; 
w20=-6.9085081294e-001; w2(1)=6.1206586087e-002; w2(2)=-2.4846530816e+000; 

