
%liczba neuronów ukrytych: 6, liczba wejœæ sieci: 4
%wejœcie 1: u(k-3)
%wejœcie 2: u(k-4)
%wejœcie 3: y(k-1)
%wejœcie 4: y(k-2)
%uczenie w trybie ARX
w10(1,1)=-9.3505474325e-001; w1(1,1)=1.4576636944e-001; w1(1,2)=9.6580253680e-001; w1(1,3)=5.7564423649e-001; w1(1,4)=1.1235249073e-001; 
w10(2,1)=2.4238663552e-001; w1(2,1)=3.2655453036e-001; w1(2,2)=3.9564582988e-001; w1(2,3)=-1.5197914834e+000; w1(2,4)=2.1671099233e+000; 
w10(3,1)=-1.8185358029e+000; w1(3,1)=2.0261926681e-001; w1(3,2)=7.7009672418e-001; w1(3,3)=6.6958912316e-001; w1(3,4)=8.1017915856e-001; 
w10(4,1)=2.9140988963e+000; w1(4,1)=8.7336475836e-001; w1(4,2)=1.2666559277e+000; w1(4,3)=-5.8735651858e-001; w1(4,4)=7.1934991186e-001; 
w10(5,1)=-1.7967355622e+000; w1(5,1)=-4.1631084006e-002; w1(5,2)=-1.5173931704e+000; w1(5,3)=-1.3227723285e+000; w1(5,4)=3.2488871413e-001; 
w10(6,1)=-2.3480593056e-001; w1(6,1)=1.2344762167e-001; w1(6,2)=5.2474522835e-001; w1(6,3)=-5.1527343408e-001; w1(6,4)=3.7001134404e-001; 
w20=1.9746212591e-002; w2(1)=9.0161496129e-001; w2(2)=4.2505496723e-001; w2(3)=9.7264172842e-002; w2(4)=-4.1284088868e-001; w2(5)=-6.4797020716e-001; w2(6)=-1.8704659831e+000; 

