
%liczba neuronów ukrytych: 9, liczba wejœæ sieci: 4
%wejœcie 1: u(k-3)
%wejœcie 2: u(k-4)
%wejœcie 3: y(k-1)
%wejœcie 4: y(k-2)
%uczenie w trybie OE
w10(1,1)=-1.5672388781e-001; w1(1,1)=3.7810588853e-001; w1(1,2)=7.2971223615e-001; w1(1,3)=4.4170137681e-002; w1(1,4)=7.9728880314e-002; 
w10(2,1)=-6.7037490927e-001; w1(2,1)=4.1244050799e-001; w1(2,2)=1.0720544070e+000; w1(2,3)=5.6657740720e-001; w1(2,4)=-5.6084116993e-001; 
w10(3,1)=5.0716432446e-001; w1(3,1)=-1.9308893615e-002; w1(3,2)=1.7444652879e-002; w1(3,3)=5.4918860013e-001; w1(3,4)=-1.3913593005e-001; 
w10(4,1)=-7.7758889364e-001; w1(4,1)=-4.4856864862e-001; w1(4,2)=-1.2195204161e+000; w1(4,3)=-3.4078588907e-001; w1(4,4)=5.7167577838e-001; 
w10(5,1)=-9.2708165882e-001; w1(5,1)=5.9037960257e-001; w1(5,2)=-5.1936670332e-001; w1(5,3)=5.6529355693e-001; w1(5,4)=8.3788015861e-001; 
w10(6,1)=-5.0498842874e-001; w1(6,1)=-4.9456924848e-001; w1(6,2)=1.1927700455e+000; w1(6,3)=8.9327162339e-003; w1(6,4)=-4.1523957742e-001; 
w10(7,1)=1.3118368883e+000; w1(7,1)=2.1488487812e-001; w1(7,2)=-7.5786499373e-001; w1(7,3)=2.8793025823e-001; w1(7,4)=8.0057837477e-001; 
w10(8,1)=-1.6234534083e-001; w1(8,1)=-5.0169142784e-001; w1(8,2)=-1.8559281979e-001; w1(8,3)=-3.3280733363e-001; w1(8,4)=2.4794309603e-001; 
w10(9,1)=1.7135190837e-001; w1(9,1)=-4.9180983285e-002; w1(9,2)=-7.2147532525e-001; w1(9,3)=-5.8610610571e-001; w1(9,4)=5.1968739263e-001; 
w20=-9.3762667183e-001; w2(1)=-4.8484074561e-001; w2(2)=2.0418514242e-001; w2(3)=2.3630062327e+000; w2(4)=-7.5387253126e-002; w2(5)=2.2198108534e-001; w2(6)=-3.5878870100e-001; w2(7)=-1.0894755818e-001; w2(8)=5.6835874638e-002; w2(9)=-4.3769613945e-001; 

