
%liczba neuronów ukrytych: 6, liczba wejœæ sieci: 4
%wejœcie 1: u(k-3)
%wejœcie 2: u(k-4)
%wejœcie 3: y(k-1)
%wejœcie 4: y(k-2)
%uczenie w trybie OE
w10(1,1)=-4.8257676802e-001; w1(1,1)=-5.8766865047e-002; w1(1,2)=1.6796531642e-001; w1(1,3)=-5.4631088356e-002; w1(1,4)=-9.4217538425e-001; 
w10(2,1)=-2.1573708943e-001; w1(2,1)=-3.3963852122e-001; w1(2,2)=3.1611684518e-001; w1(2,3)=1.2079858523e+000; w1(2,4)=-1.5818758514e+000; 
w10(3,1)=-4.8512349290e-001; w1(3,1)=-1.0952427331e-001; w1(3,2)=1.0082207178e+000; w1(3,3)=1.5619017105e+000; w1(3,4)=-1.2073194237e+000; 
w10(4,1)=2.1429901150e-001; w1(4,1)=1.3701838141e+000; w1(4,2)=9.5246032321e-001; w1(4,3)=4.2343457458e-001; w1(4,4)=2.2468581541e-001; 
w10(5,1)=-2.5072031273e-001; w1(5,1)=9.0020434212e-002; w1(5,2)=-1.3650800910e-002; w1(5,3)=-1.5570874254e+000; w1(5,4)=1.0224944560e+000; 
w10(6,1)=5.0320591073e-001; w1(6,1)=-1.5352529178e-001; w1(6,2)=-7.8710172057e-001; w1(6,3)=-7.6393370390e-001; w1(6,4)=5.8864211059e-001; 
w20=-4.0348752810e-001; w2(1)=3.2268703953e-001; w2(2)=-1.0462539167e+000; w2(3)=6.0754181745e-001; w2(4)=-5.5905791407e-002; w2(5)=-1.5358289318e+000; w2(6)=5.0526000544e-001; 

