
%liczba neuronów ukrytych: 2, liczba wejœæ sieci: 4
%wejœcie 1: u(k-3)
%wejœcie 2: u(k-4)
%wejœcie 3: y(k-1)
%wejœcie 4: y(k-2)
%uczenie w trybie OE
w10(1,1)=4.9002587927e-001; w1(1,1)=1.9704987486e-002; w1(1,2)=-1.9189747027e-001; w1(1,3)=1.3234830541e-001; w1(1,4)=-2.3558468161e-001; 
w10(2,1)=1.6119638619e-001; w1(2,1)=1.0956112782e-001; w1(2,2)=-4.9450633238e-001; w1(2,3)=5.9638002195e-001; w1(2,4)=-4.4708011724e-001; 
w20=2.4195561635e+000; w2(1)=-6.3148950469e+000; w2(2)=2.8059495882e+000; 

