
%liczba neuronów ukrytych: 5, liczba wejœæ sieci: 4
%wejœcie 1: u(k-3)
%wejœcie 2: u(k-4)
%wejœcie 3: y(k-1)
%wejœcie 4: y(k-2)
%uczenie w trybie ARX
w10(1,1)=-1.9704028325e+000; w1(1,1)=4.3741376462e-001; w1(1,2)=3.6039710312e-001; w1(1,3)=-1.8433731398e-001; w1(1,4)=-8.2899478994e-001; 
w10(2,1)=-1.9561777669e-001; w1(2,1)=-2.4325279429e-001; w1(2,2)=-1.0776762918e+000; w1(2,3)=-6.8154417643e-001; w1(2,4)=-5.2752049395e-002; 
w10(3,1)=-1.7639009732e-001; w1(3,1)=3.4475914587e-002; w1(3,2)=2.8436878818e-001; w1(3,3)=-1.4687675559e+000; w1(3,4)=1.1758120058e+000; 
w10(4,1)=1.0617754643e+000; w1(4,1)=-7.4046324304e-002; w1(4,2)=4.4135807151e-001; w1(4,3)=-6.8508612709e-001; w1(4,4)=9.1220189053e-001; 
w10(5,1)=1.4685919985e-001; w1(5,1)=-1.2478141891e-001; w1(5,2)=-3.6783225651e-001; w1(5,3)=8.7168295094e-001; w1(5,4)=-1.2220307675e+000; 
w20=-1.1395875814e+000; w2(1)=-5.4479112146e-002; w2(2)=3.8339193367e-001; w2(3)=-1.9816818625e+000; w2(4)=1.3137407486e+000; w2(5)=-1.4749260910e+000; 

