
%liczba neuronów ukrytych: 8, liczba wejœæ sieci: 4
%wejœcie 1: u(k-3)
%wejœcie 2: u(k-4)
%wejœcie 3: y(k-1)
%wejœcie 4: y(k-2)
%uczenie w trybie ARX
w10(1,1)=6.1134812392e-002; w1(1,1)=-4.6506086201e-001; w1(1,2)=-6.1440037882e-001; w1(1,3)=1.9967535000e-001; w1(1,4)=-7.5159618456e-001; 
w10(2,1)=-3.6148037329e-001; w1(2,1)=3.4005104959e-001; w1(2,2)=-1.0253778449e-001; w1(2,3)=-2.4633235750e-001; w1(2,4)=-3.6446060892e-001; 
w10(3,1)=-3.2252202493e-001; w1(3,1)=5.3786113251e-001; w1(3,2)=8.6183027327e-001; w1(3,3)=-4.0357709457e-001; w1(3,4)=3.1194091038e-001; 
w10(4,1)=1.4662862026e-001; w1(4,1)=-3.9264174831e-001; w1(4,2)=1.9010466246e-001; w1(4,3)=2.7293150749e-001; w1(4,4)=-1.3075227570e-002; 
w10(5,1)=6.1589378021e-001; w1(5,1)=4.3706896801e-002; w1(5,2)=-1.3791667878e-001; w1(5,3)=5.7121087772e-001; w1(5,4)=-1.3308169774e-001; 
w10(6,1)=9.0901350533e-002; w1(6,1)=5.6318785557e-001; w1(6,2)=9.7527148295e-001; w1(6,3)=1.2340568245e+000; w1(6,4)=-4.4853577737e-001; 
w10(7,1)=-1.0258283001e-001; w1(7,1)=4.2482396153e-001; w1(7,2)=5.7394581128e-001; w1(7,3)=1.7000681168e-001; w1(7,4)=-5.3299703587e-002; 
w10(8,1)=1.2540296736e-001; w1(8,1)=-7.6916229482e-002; w1(8,2)=2.0799143680e-001; w1(8,3)=-5.9928529562e-001; w1(8,4)=9.6537191878e-002; 
w20=-5.4837986992e-001; w2(1)=-8.6920820198e-001; w2(2)=7.9325615991e-001; w2(3)=-6.8431032030e-001; w2(4)=1.3129238805e+000; w2(5)=1.4470612959e+000; w2(6)=-8.1111472569e-001; w2(7)=1.1903829521e+000; w2(8)=-9.9542996879e-001; 

