
%liczba neuronów ukrytych: 10, liczba wejœæ sieci: 4
%wejœcie 1: u(k-3)
%wejœcie 2: u(k-4)
%wejœcie 3: y(k-1)
%wejœcie 4: y(k-2)
%uczenie w trybie OE
w10(1,1)=8.8207664574e-001; w1(1,1)=7.6734937429e-001; w1(1,2)=1.2354471876e+000; w1(1,3)=-3.8147503747e-001; w1(1,4)=3.0769423739e-001; 
w10(2,1)=6.6236411600e-001; w1(2,1)=5.4601261781e-002; w1(2,2)=-5.3718330766e-002; w1(2,3)=-5.7505033705e-001; w1(2,4)=-6.4981934425e-001; 
w10(3,1)=-1.2574155334e+000; w1(3,1)=5.2791925914e-001; w1(3,2)=1.0534970388e+000; w1(3,3)=4.5235382721e-001; w1(3,4)=5.3203034078e-001; 
w10(4,1)=-2.1011872330e+000; w1(4,1)=1.8592292067e-001; w1(4,2)=1.2912705201e-001; w1(4,3)=-1.7872829157e-002; w1(4,4)=-1.0183896320e+000; 
w10(5,1)=-1.5327860563e+000; w1(5,1)=-1.7617809566e+000; w1(5,2)=1.3540435560e+000; w1(5,3)=-8.5390966512e-001; w1(5,4)=-3.2941806052e-001; 
w10(6,1)=-4.8107928253e-001; w1(6,1)=-1.2220669221e+000; w1(6,2)=-6.3040677685e-001; w1(6,3)=-1.5980331563e-001; w1(6,4)=-1.2170508346e+000; 
w10(7,1)=7.8082380966e-001; w1(7,1)=4.7778592865e-004; w1(7,2)=2.1989493657e-001; w1(7,3)=7.4807954304e-001; w1(7,4)=8.6964237194e-003; 
w10(8,1)=4.0635708954e-001; w1(8,1)=2.7212452851e-001; w1(8,2)=-6.1994726518e-001; w1(8,3)=1.8456177862e+000; w1(8,4)=-1.1772292274e+000; 
w10(9,1)=-4.9382795996e-002; w1(9,1)=-3.8358831222e-001; w1(9,2)=-1.6700394016e+000; w1(9,3)=-7.1216632082e-001; w1(9,4)=2.3255495093e-001; 
w10(10,1)=-4.8053290644e-001; w1(10,1)=1.9559452343e+000; w1(10,2)=9.5632161369e-001; w1(10,3)=4.8975206258e-002; w1(10,4)=8.8382539832e-001; 
w20=-5.9566528580e-001; w2(1)=2.1035766952e-002; w2(2)=-4.0180130865e-001; w2(3)=7.8155034358e-002; w2(4)=-2.7268331463e-001; w2(5)=5.5799594271e-002; w2(6)=-2.6036196317e-003; w2(7)=7.0930973129e-001; w2(8)=5.3644276222e-001; w2(9)=7.3800584693e-002; w2(10)=1.8548346076e-003; 

