
%liczba neuronów ukrytych: 4, liczba wejœæ sieci: 4
%wejœcie 1: u(k-3)
%wejœcie 2: u(k-4)
%wejœcie 3: y(k-1)
%wejœcie 4: y(k-2)
%uczenie w trybie OE
w10(1,1)=-3.0227554397e-001; w1(1,1)=2.6776940958e-002; w1(1,2)=2.0148991882e-002; w1(1,3)=6.4987569270e-001; w1(1,4)=-6.4866791158e-002; 
w10(2,1)=-1.9421642349e-001; w1(2,1)=-7.7509366974e-001; w1(2,2)=-1.1322008229e+000; w1(2,3)=-1.0741450393e+000; w1(2,4)=5.9222919893e-001; 
w10(3,1)=4.0629019280e-001; w1(3,1)=2.9990588968e-001; w1(3,2)=-6.7760172703e-001; w1(3,3)=3.9295141403e+000; w1(3,4)=-3.1970008650e+000; 
w10(4,1)=-1.4236209767e+000; w1(4,1)=9.7177662638e-002; w1(4,2)=-9.6890744796e-002; w1(4,3)=-9.9848252842e-001; w1(4,4)=1.6570454517e-001; 
w20=-3.4078165737e-001; w2(1)=1.3890917042e+000; w2(2)=5.3433554029e-002; w2(3)=1.7968343429e-001; w2(4)=-7.7500094025e-001; 

