
%liczba neuronów ukrytych: 10, liczba wejœæ sieci: 4
%wejœcie 1: u(k-3)
%wejœcie 2: u(k-4)
%wejœcie 3: y(k-1)
%wejœcie 4: y(k-2)
%uczenie w trybie OE
w10(1,1)=-1.4839637618e-001; w1(1,1)=8.3959792723e-002; w1(1,2)=-2.5416302530e-001; w1(1,3)=-1.8179820338e-001; w1(1,4)=-6.0859328277e-001; 
w10(2,1)=-1.4793346845e+000; w1(2,1)=5.1788108980e-001; w1(2,2)=1.0315479913e+000; w1(2,3)=7.4209014627e-001; w1(2,4)=-2.1049060625e-001; 
w10(3,1)=2.5311733633e-001; w1(3,1)=1.7423167313e-001; w1(3,2)=-4.9930186335e-001; w1(3,3)=9.9586643179e-001; w1(3,4)=-6.0074132719e-001; 
w10(4,1)=-1.2348420834e-001; w1(4,1)=-6.4340929029e-002; w1(4,2)=-8.1788860734e-001; w1(4,3)=-2.1735567076e-001; w1(4,4)=3.7554373610e-001; 
w10(5,1)=1.6965719425e-002; w1(5,1)=7.6418435292e-001; w1(5,2)=6.2668239419e-001; w1(5,3)=-2.6632038937e-001; w1(5,4)=2.6667237674e-001; 
w10(6,1)=-7.9651399926e-001; w1(6,1)=-1.1923818468e-001; w1(6,2)=-1.0016670277e-002; w1(6,3)=1.0089803136e-002; w1(6,4)=-4.9028424692e-001; 
w10(7,1)=3.7949786225e-002; w1(7,1)=1.7218730116e-001; w1(7,2)=-8.7621518512e-002; w1(7,3)=-5.0243662925e-001; w1(7,4)=1.7871271258e-001; 
w10(8,1)=-6.2332051874e-001; w1(8,1)=1.8826267104e-001; w1(8,2)=-3.7427121717e-001; w1(8,3)=3.9975048764e-001; w1(8,4)=2.2490762867e-001; 
w10(9,1)=-1.4785974435e-001; w1(9,1)=6.5032576543e-002; w1(9,2)=-5.1870381263e-001; w1(9,3)=-4.6500853673e-001; w1(9,4)=1.5703799384e-002; 
w10(10,1)=7.7135524675e-001; w1(10,1)=-3.5038953856e-002; w1(10,2)=-1.2290779374e-001; w1(10,3)=3.5989221786e-001; w1(10,4)=-9.0103424844e-002; 
w20=-8.3609251474e-001; w2(1)=1.3143458244e-001; w2(2)=1.2255936466e-001; w2(3)=6.7575627323e-001; w2(4)=-3.7640381002e-001; w2(5)=-1.4690323104e-001; w2(6)=-3.0771621048e-001; w2(7)=-4.6910557668e-001; w2(8)=5.6303406556e-001; w2(9)=-4.2412036937e-001; w2(10)=1.2633669676e+000; 

