
%liczba neuronów ukrytych: 2, liczba wejœæ sieci: 4
%wejœcie 1: u(k-3)
%wejœcie 2: u(k-4)
%wejœcie 3: y(k-1)
%wejœcie 4: y(k-2)
%uczenie w trybie OE
w10(1,1)=3.0494441404e-001; w1(1,1)=1.9775364063e-002; w1(1,2)=-3.8571223322e-002; w1(1,3)=5.0036645541e-001; w1(1,4)=-8.7102967812e-002; 
w10(2,1)=-3.4632625580e-001; w1(2,1)=1.6743817788e+000; w1(2,2)=-1.0955257734e+001; w1(2,3)=-1.9908100042e+001; w1(2,4)=1.6980732009e+001; 
w20=-6.9276195699e-001; w2(1)=2.4114057142e+000; w2(2)=6.4560026887e-002; 

