
%liczba neuronów ukrytych: 10, liczba wejœæ sieci: 4
%wejœcie 1: u(k-3)
%wejœcie 2: u(k-4)
%wejœcie 3: y(k-1)
%wejœcie 4: y(k-2)
%uczenie w trybie OE
w10(1,1)=-9.4850760492e-001; w1(1,1)=-2.7843331029e-001; w1(1,2)=-1.1457306255e+000; w1(1,3)=-1.0093680132e+000; w1(1,4)=3.3662630594e-001; 
w10(2,1)=-5.7431179355e-002; w1(2,1)=5.7063507296e-001; w1(2,2)=-1.6859870522e-001; w1(2,3)=-7.1586079166e-001; w1(2,4)=4.2850340581e-001; 
w10(3,1)=8.0911899945e-001; w1(3,1)=4.1556856856e-001; w1(3,2)=1.3024868340e+000; w1(3,3)=6.8688936127e-001; w1(3,4)=-4.2338730207e-001; 
w10(4,1)=-3.0220076587e-001; w1(4,1)=-3.3718296010e-001; w1(4,2)=-1.1013835072e+000; w1(4,3)=-9.1733291903e-001; w1(4,4)=7.7841992054e-001; 
w10(5,1)=-1.7693068308e+000; w1(5,1)=-9.1039007368e-001; w1(5,2)=8.5852891351e-001; w1(5,3)=-2.1312050778e-001; w1(5,4)=-8.4426728726e-001; 
w10(6,1)=8.6216532923e-002; w1(6,1)=-2.8659638770e-001; w1(6,2)=-3.9063125378e-002; w1(6,3)=-5.1062389597e-001; w1(6,4)=7.3824523505e-002; 
w10(7,1)=4.4912422092e-001; w1(7,1)=-4.3469887369e-001; w1(7,2)=3.7879054222e-001; w1(7,3)=-1.7696416712e-002; w1(7,4)=-3.7723001049e-001; 
w10(8,1)=5.9746308726e-001; w1(8,1)=2.7866298912e-001; w1(8,2)=1.4414648588e+000; w1(8,3)=2.8354126989e-001; w1(8,4)=-4.4087928494e-001; 
w10(9,1)=-6.0106933447e-002; w1(9,1)=1.1278444736e-001; w1(9,2)=-1.1081637551e-001; w1(9,3)=-9.8994155856e-001; w1(9,4)=6.1228095375e-001; 
w10(10,1)=-9.0239664299e-002; w1(10,1)=5.1032279216e-001; w1(10,2)=6.7045986104e-001; w1(10,3)=7.5166042249e-001; w1(10,4)=-8.4057852840e-001; 
w20=3.7567370412e-002; w2(1)=1.7179713771e-002; w2(2)=-7.7996448407e-001; w2(3)=1.1096571664e-001; w2(4)=4.4341403934e-001; w2(5)=-2.5677591136e-001; w2(6)=-5.6555920107e-001; w2(7)=-7.4416847673e-001; w2(8)=1.5066010735e-001; w2(9)=-8.2312619080e-001; w2(10)=2.6053572945e-001; 

