
%liczba neuronów ukrytych: 7, liczba wejœæ sieci: 4
%wejœcie 1: u(k-3)
%wejœcie 2: u(k-4)
%wejœcie 3: y(k-1)
%wejœcie 4: y(k-2)
%uczenie w trybie OE
w10(1,1)=6.2961052244e-002; w1(1,1)=1.4554505149e-001; w1(1,2)=-1.5698717784e-001; w1(1,3)=1.2273661683e+000; w1(1,4)=-3.6397886907e-001; 
w10(2,1)=5.1921843366e-001; w1(2,1)=1.5452643714e-002; w1(2,2)=1.7832061804e+000; w1(2,3)=-4.4071535965e-001; w1(2,4)=-1.0507773212e+000; 
w10(3,1)=2.2190154245e+000; w1(3,1)=7.3831424657e-002; w1(3,2)=-8.1923687179e-002; w1(3,3)=1.6393133609e+000; w1(3,4)=-3.5848082109e-001; 
w10(4,1)=3.9645528129e-001; w1(4,1)=2.0119753117e-001; w1(4,2)=-1.9446084504e+000; w1(4,3)=-2.1279881651e+000; w1(4,4)=8.9315831498e-001; 
w10(5,1)=-8.8812729798e-002; w1(5,1)=1.2320637630e+000; w1(5,2)=8.0542301327e-001; w1(5,3)=1.0764475515e+000; w1(5,4)=-8.4802689597e-001; 
w10(6,1)=1.2736998861e-001; w1(6,1)=3.2359828091e+000; w1(6,2)=1.4837727083e+000; w1(6,3)=1.7619437024e+000; w1(6,4)=4.7862780899e-001; 
w10(7,1)=3.2565240403e-001; w1(7,1)=4.6536629151e-001; w1(7,2)=-3.7253082505e-001; w1(7,3)=2.0723246138e+000; w1(7,4)=-3.9369893448e-001; 
w20=-4.8952730692e-001; w2(1)=1.5894212224e+000; w2(2)=5.7795076878e-002; w2(3)=4.6582746581e-001; w2(4)=-5.1730426132e-002; w2(5)=-1.1382851308e-001; w2(6)=-3.2908533215e-003; w2(7)=-2.6372674914e-001; 

