
%liczba neuronów ukrytych: 4, liczba wejœæ sieci: 4
%wejœcie 1: u(k-3)
%wejœcie 2: u(k-4)
%wejœcie 3: y(k-1)
%wejœcie 4: y(k-2)
%uczenie w trybie OE
w10(1,1)=-6.2710699586e-001; w1(1,1)=-2.2420817607e-001; w1(1,2)=1.8219847453e-001; w1(1,3)=-2.1545558741e-001; w1(1,4)=-2.3792425636e-001; 
w10(2,1)=7.2152299497e-001; w1(2,1)=-5.5398198900e-001; w1(2,2)=3.4879912489e-001; w1(2,3)=-2.2617793146e-001; w1(2,4)=-6.1801254497e-001; 
w10(3,1)=9.1015084649e-001; w1(3,1)=-4.2478796696e-001; w1(3,2)=-7.6565633128e+000; w1(3,3)=-7.8544800444e-001; w1(3,4)=-1.7263223289e+000; 
w10(4,1)=-9.9348473952e-002; w1(4,1)=9.6928134356e-001; w1(4,2)=-6.0101407580e-001; w1(4,3)=-2.4651022252e+000; w1(4,4)=2.2201640579e+000; 
w20=-6.7148705012e-001; w2(1)=-1.7439914834e+000; w2(2)=-5.7013141856e-001; w2(3)=2.6587646287e-003; w2(4)=-5.2609823793e-001; 

