
%liczba neuronów ukrytych: 3, liczba wejœæ sieci: 4
%wejœcie 1: u(k-3)
%wejœcie 2: u(k-4)
%wejœcie 3: y(k-1)
%wejœcie 4: y(k-2)
%uczenie w trybie OE
w10(1,1)=-5.0194133762e-002; w1(1,1)=-2.3899266360e-002; w1(1,2)=1.1844805851e-002; w1(1,3)=-4.1954462490e-001; w1(1,4)=1.2708842303e-001; 
w10(2,1)=7.8592953317e-001; w1(2,1)=-3.0723924898e-001; w1(2,2)=-9.9784996129e-001; w1(2,3)=-2.1363743536e-001; w1(2,4)=2.2334683535e-001; 
w10(3,1)=1.6435000646e+000; w1(3,1)=-1.6500003470e+000; w1(3,2)=-5.9996622164e-001; w1(3,3)=1.5646743060e+000; w1(3,4)=-1.9907961126e+000; 
w20=-2.2545629357e-001; w2(1)=-3.1807468895e+000; w2(2)=3.2843697224e-001; w2(3)=-1.5907543369e-001; 

