
%liczba neuronów ukrytych: 9, liczba wejœæ sieci: 4
%wejœcie 1: u(k-3)
%wejœcie 2: u(k-4)
%wejœcie 3: y(k-1)
%wejœcie 4: y(k-2)
%uczenie w trybie OE
w10(1,1)=2.1257265469e+000; w1(1,1)=-4.6876110297e-001; w1(1,2)=-1.4377663326e+000; w1(1,3)=-1.7991356789e-001; w1(1,4)=1.5496092288e-001; 
w10(2,1)=4.0731242672e-001; w1(2,1)=8.8540357549e-001; w1(2,2)=-1.9042599777e-001; w1(2,3)=-5.4612227821e-001; w1(2,4)=6.7071798228e-001; 
w10(3,1)=-5.0766568399e-001; w1(3,1)=3.3988210760e-001; w1(3,2)=7.0819795369e-001; w1(3,3)=-3.1537336973e-001; w1(3,4)=6.6777850056e-003; 
w10(4,1)=8.8472326590e-001; w1(4,1)=-2.8196414662e-001; w1(4,2)=2.3243786034e-001; w1(4,3)=3.9470671896e-001; w1(4,4)=2.2405791197e-002; 
w10(5,1)=-5.8597490240e-001; w1(5,1)=3.8279232793e-001; w1(5,2)=9.7800191240e-001; w1(5,3)=6.8479198739e-001; w1(5,4)=-1.0283901252e+000; 
w10(6,1)=-7.6409317084e-001; w1(6,1)=-6.6801809899e-002; w1(6,2)=-2.6748222382e-002; w1(6,3)=9.4943784373e-001; w1(6,4)=-3.4685708710e-001; 
w10(7,1)=-3.6586921839e-001; w1(7,1)=-2.3128229030e-001; w1(7,2)=1.0353280019e-001; w1(7,3)=-3.0561088515e-001; w1(7,4)=4.9620085803e-003; 
w10(8,1)=-4.8148762785e-001; w1(8,1)=5.8005982260e-002; w1(8,2)=6.5835041187e-001; w1(8,3)=9.6626833612e-001; w1(8,4)=-7.5440402645e-001; 
w10(9,1)=2.1930084382e+000; w1(9,1)=-1.5716254561e+000; w1(9,2)=-6.5048927545e-001; w1(9,3)=-2.3395074883e-001; w1(9,4)=-3.9349253353e-001; 
w20=-4.9687779040e-001; w2(1)=1.6093034325e-001; w2(2)=-2.3312730392e-001; w2(3)=-6.0859105096e-001; w2(4)=5.8058887289e-001; w2(5)=2.1829210025e-001; w2(6)=7.4700013796e-001; w2(7)=-1.7138699091e+000; w2(8)=3.8715745307e-001; w2(9)=-9.9788005514e-002; 

