
%liczba neuronów ukrytych: 5, liczba wejœæ sieci: 4
%wejœcie 1: u(k-3)
%wejœcie 2: u(k-4)
%wejœcie 3: y(k-1)
%wejœcie 4: y(k-2)
%uczenie w trybie ARX
w10(1,1)=8.6392687741e-002; w1(1,1)=6.6453809148e-002; w1(1,2)=-5.5036344551e-001; w1(1,3)=1.6239178124e+000; w1(1,4)=-1.2820981899e+000; 
w10(2,1)=2.0278595168e-001; w1(2,1)=3.4207730405e-001; w1(2,2)=1.0394776969e+000; w1(2,3)=2.0229579374e+000; w1(2,4)=-1.4661771393e+000; 
w10(3,1)=9.5827243046e-001; w1(3,1)=2.5369240336e-002; w1(3,2)=3.6978080728e-001; w1(3,3)=3.5946543760e-001; w1(3,4)=2.7609748403e-001; 
w10(4,1)=9.2500046645e-001; w1(4,1)=6.2059279360e-001; w1(4,2)=1.3185580673e+000; w1(4,3)=-3.8044242274e-001; w1(4,4)=8.0716030024e-002; 
w10(5,1)=-7.3632469021e-001; w1(5,1)=-1.0754236658e-002; w1(5,2)=3.9547751478e-001; w1(5,3)=-1.5214173843e-001; w1(5,4)=7.2187291909e-001; 
w20=-5.1610217221e-002; w2(1)=9.0442415105e-001; w2(2)=-3.5482046335e-001; w2(3)=1.1115274662e+000; w2(4)=1.1607674269e-001; w2(5)=1.3769040939e+000; 

