
%liczba neuronów ukrytych: 9, liczba wejœæ sieci: 4
%wejœcie 1: u(k-3)
%wejœcie 2: u(k-4)
%wejœcie 3: y(k-1)
%wejœcie 4: y(k-2)
%uczenie w trybie OE
w10(1,1)=-1.4126652612e-001; w1(1,1)=4.7048058728e-001; w1(1,2)=-1.3840575421e-001; w1(1,3)=-6.7038691412e-001; w1(1,4)=1.2002779066e-001; 
w10(2,1)=4.0383130458e-001; w1(2,1)=2.8454327713e-001; w1(2,2)=1.1482998377e+000; w1(2,3)=9.7876195560e-001; w1(2,4)=-1.0253531099e+000; 
w10(3,1)=1.5059948891e-001; w1(3,1)=1.8060632170e-001; w1(3,2)=-2.0193255245e-001; w1(3,3)=-1.9479448938e-002; w1(3,4)=3.5966378107e-001; 
w10(4,1)=-8.2770285119e-002; w1(4,1)=-3.0695010202e-001; w1(4,2)=6.4320826948e-001; w1(4,3)=6.4703559443e-001; w1(4,4)=-3.5536056406e-001; 
w10(5,1)=-7.1557268114e-001; w1(5,1)=9.1917286816e-001; w1(5,2)=5.0594170777e-002; w1(5,3)=1.6280889164e-001; w1(5,4)=1.7736083777e-001; 
w10(6,1)=3.8795094356e-001; w1(6,1)=-2.1070044489e-002; w1(6,2)=-1.3253576389e-001; w1(6,3)=-5.4893334818e-001; w1(6,4)=1.4187386467e+000; 
w10(7,1)=8.8457311394e-001; w1(7,1)=2.6506218235e-001; w1(7,2)=-6.5006422836e-002; w1(7,3)=4.5736848990e-001; w1(7,4)=-3.7026558202e-001; 
w10(8,1)=-1.5811160905e-001; w1(8,1)=3.1488736138e-001; w1(8,2)=-3.0625036912e-002; w1(8,3)=-1.6599693678e+000; w1(8,4)=1.3104346133e+000; 
w10(9,1)=-3.5969891754e-002; w1(9,1)=-2.5253675735e-001; w1(9,2)=-1.4567101102e+000; w1(9,3)=-1.4891223587e+000; w1(9,4)=1.0768362787e+000; 
w20=-1.3677280042e-001; w2(1)=-1.5329194149e-002; w2(2)=1.0693162419e-001; w2(3)=2.2324697573e+000; w2(4)=5.1944217068e-001; w2(5)=1.0744810670e-001; w2(6)=-2.1675854337e-001; w2(7)=-2.3707053606e-001; w2(8)=-7.7630219661e-001; w2(9)=1.2319296045e-001; 

