
%liczba neuronów ukrytych: 1, liczba wejœæ sieci: 4
%wejœcie 1: u(k-3)
%wejœcie 2: u(k-4)
%wejœcie 3: y(k-1)
%wejœcie 4: y(k-2)
%uczenie w trybie ARX
w10(1,1)=1.8697432458e-001; w1(1,1)=-7.5026036956e-003; w1(1,2)=-1.2728211108e-002; w1(1,3)=4.1955369767e-001; w1(1,4)=-1.3780775519e-001; 
w20=-6.4505308966e-001; w2(1)=3.5248927817e+000; 

