
%liczba neuronów ukrytych: 2, liczba wejœæ sieci: 4
%wejœcie 1: u(k-3)
%wejœcie 2: u(k-4)
%wejœcie 3: y(k-1)
%wejœcie 4: y(k-2)
%uczenie w trybie OE
w10(1,1)=6.1180946593e-001; w1(1,1)=1.1583080147e-001; w1(1,2)=2.2879108930e-001; w1(1,3)=2.2436367798e+000; w1(1,4)=-1.4006055501e+000; 
w10(2,1)=-4.2537877914e-001; w1(2,1)=-4.1465384497e-002; w1(2,2)=-3.9718594436e-002; w1(2,3)=-1.1517200972e+000; w1(2,4)=5.8203765531e-001; 
w20=-7.1164041288e-001; w2(1)=-1.7961970512e+000; w2(2)=-4.2218112104e+000; 

