
%liczba neuronów ukrytych: 7, liczba wejœæ sieci: 4
%wejœcie 1: u(k-3)
%wejœcie 2: u(k-4)
%wejœcie 3: y(k-1)
%wejœcie 4: y(k-2)
%uczenie w trybie ARX
w10(1,1)=-2.4822301905e-001; w1(1,1)=-2.7152534883e-002; w1(1,2)=5.8646076416e-001; w1(1,3)=-1.3138538824e+000; w1(1,4)=1.0026587832e+000; 
w10(2,1)=2.1898847019e-001; w1(2,1)=3.0996604193e-001; w1(2,2)=1.0397534535e+000; w1(2,3)=5.8471281215e-001; w1(2,4)=2.5227762046e-001; 
w10(3,1)=-8.1354972150e-001; w1(3,1)=1.2434813375e-001; w1(3,2)=-4.5058803122e-001; w1(3,3)=-5.9298542705e-001; w1(3,4)=-1.3140456583e-001; 
w10(4,1)=-1.9249112236e-001; w1(4,1)=6.2973161885e-001; w1(4,2)=1.2537505518e+000; w1(4,3)=3.6818184546e-001; w1(4,4)=3.1160024800e-001; 
w10(5,1)=-4.4027625451e-001; w1(5,1)=-2.1440119396e-001; w1(5,2)=-4.9026899622e-001; w1(5,3)=-1.4656844195e-001; w1(5,4)=7.1832513573e-001; 
w10(6,1)=5.4605506862e-001; w1(6,1)=1.8358432254e-001; w1(6,2)=-1.7237205997e-001; w1(6,3)=-3.9288357830e-001; w1(6,4)=-4.7374296139e-001; 
w10(7,1)=7.7672464706e-002; w1(7,1)=-4.0181015608e-001; w1(7,2)=-8.0632512784e-001; w1(7,3)=3.4317865426e-001; w1(7,4)=-9.0797993280e-001; 
w20=-4.5861951733e-001; w2(1)=-9.9108670429e-001; w2(2)=-7.2831332647e-001; w2(3)=-9.1895622039e-001; w2(4)=-4.9542706765e-001; w2(5)=-2.3419753057e-001; w2(6)=-6.4178256558e-001; w2(7)=-1.4668561211e+000; 

