
%liczba neuronów ukrytych: 8, liczba wejœæ sieci: 4
%wejœcie 1: u(k-3)
%wejœcie 2: u(k-4)
%wejœcie 3: y(k-1)
%wejœcie 4: y(k-2)
%uczenie w trybie OE
w10(1,1)=-1.7372712245e+000; w1(1,1)=1.1987252563e+000; w1(1,2)=2.6590232704e-001; w1(1,3)=-1.4080447357e-001; w1(1,4)=2.0312522289e-002; 
w10(2,1)=-1.1897460162e+000; w1(2,1)=6.6595471947e-001; w1(2,2)=4.3250040243e-001; w1(2,3)=1.4581858040e-001; w1(2,4)=3.4593161195e-001; 
w10(3,1)=1.0960947970e+000; w1(3,1)=2.5678969752e-001; w1(3,2)=1.7740590815e-002; w1(3,3)=9.9467416861e-003; w1(3,4)=3.0365565181e-001; 
w10(4,1)=1.6900149233e-002; w1(4,1)=4.7081663736e-001; w1(4,2)=-5.4830181372e-001; w1(4,3)=-1.7160992871e-001; w1(4,4)=-6.6617838080e-002; 
w10(5,1)=2.0768554102e-001; w1(5,1)=-1.1945936214e-001; w1(5,2)=-3.1317481856e-001; w1(5,3)=1.4132957952e+000; w1(5,4)=-1.1296953999e+000; 
w10(6,1)=-4.0660805760e-001; w1(6,1)=-1.4902255757e-001; w1(6,2)=3.7270054027e-001; w1(6,3)=3.9235794463e-003; w1(6,4)=-8.0347412709e-001; 
w10(7,1)=-1.7525712966e+000; w1(7,1)=-4.4925387308e-002; w1(7,2)=1.2293284681e+000; w1(7,3)=2.0181071414e-001; w1(7,4)=-7.4149084360e-001; 
w10(8,1)=4.3660228115e-002; w1(8,1)=3.1776914967e-001; w1(8,2)=-2.8418554980e-001; w1(8,3)=1.3233615556e-001; w1(8,4)=1.9131142625e-001; 
w20=-6.1935504345e-001; w2(1)=-4.4743472046e-002; w2(2)=2.2748092978e-001; w2(3)=7.0201486268e-001; w2(4)=-9.3975466490e-001; w2(5)=9.0085303734e-001; w2(6)=1.5376718966e-001; w2(7)=-3.2542114367e-002; w2(8)=1.5056555895e+000; 

