
%liczba neuronów ukrytych: 8, liczba wejœæ sieci: 4
%wejœcie 1: u(k-3)
%wejœcie 2: u(k-4)
%wejœcie 3: y(k-1)
%wejœcie 4: y(k-2)
%uczenie w trybie OE
w10(1,1)=5.7546062882e-001; w1(1,1)=-6.6344189348e-002; w1(1,2)=-1.7165669966e-001; w1(1,3)=1.6179366753e-001; w1(1,4)=4.6444711681e-001; 
w10(2,1)=9.0485704907e-003; w1(2,1)=-1.3406027761e-001; w1(2,2)=-3.8315972746e-003; w1(2,3)=-6.1144571045e-002; w1(2,4)=-3.1816997633e-001; 
w10(3,1)=-7.1668295077e-003; w1(3,1)=-1.9858393794e-001; w1(3,2)=-6.5860633568e-002; w1(3,3)=1.5331361870e-001; w1(3,4)=1.8374742784e-001; 
w10(4,1)=1.3595894936e-001; w1(4,1)=-8.4710217770e-002; w1(4,2)=-1.7601511829e-001; w1(4,3)=1.8302705495e-001; w1(4,4)=2.5875858950e-001; 
w10(5,1)=-9.6914797780e-002; w1(5,1)=-3.6715633700e-003; w1(5,2)=-1.0217215333e-001; w1(5,3)=1.1725051098e-003; w1(5,4)=1.5475588136e-001; 
w10(6,1)=3.2910771701e-002; w1(6,1)=-3.9101273261e-002; w1(6,2)=-2.0485636297e-002; w1(6,3)=-4.9620677733e-002; w1(6,4)=-1.1750812659e-001; 
w10(7,1)=1.4730871831e-002; w1(7,1)=7.7336585176e-002; w1(7,2)=1.2131835649e-001; w1(7,3)=-1.1689634226e-001; w1(7,4)=-1.8683091511e-001; 
w10(8,1)=-6.7593052277e-002; w1(8,1)=-6.6706470291e-002; w1(8,2)=4.4875034976e-003; w1(8,3)=1.3052696277e-001; w1(8,4)=5.7101088053e-002; 
w20=-3.9985452866e-001; w2(1)=7.6195405644e-001; w2(2)=-3.7124949261e-001; w2(3)=1.7801996683e-001; w2(4)=3.7329757683e-001; w2(5)=1.3600806145e-001; w2(6)=-1.2152606761e-001; w2(7)=-2.4470228425e-001; w2(8)=9.0410561302e-002; 

