
%liczba neuronów ukrytych: 5, liczba wejœæ sieci: 4
%wejœcie 1: u(k-3)
%wejœcie 2: u(k-4)
%wejœcie 3: y(k-1)
%wejœcie 4: y(k-2)
%uczenie w trybie OE
w10(1,1)=-1.8619032423e-001; w1(1,1)=-5.6913241192e-001; w1(1,2)=1.1088849937e+000; w1(1,3)=-2.4267245493e+000; w1(1,4)=2.1577929634e+000; 
w10(2,1)=5.6572755500e-001; w1(2,1)=-2.2861601647e-001; w1(2,2)=4.9311894279e-002; w1(2,3)=1.7716581064e+000; w1(2,4)=-2.6698635267e+000; 
w10(3,1)=-2.0038634428e-001; w1(3,1)=-5.1797320751e-001; w1(3,2)=1.0486848650e+000; w1(3,3)=1.8362026976e-001; w1(3,4)=-9.1659400228e-002; 
w10(4,1)=7.5793323813e-001; w1(4,1)=1.8759651456e-001; w1(4,2)=-3.6416474426e-001; w1(4,3)=-1.0699362396e+000; w1(4,4)=1.5014184208e+000; 
w10(5,1)=4.8780985837e-003; w1(5,1)=8.5691371300e-001; w1(5,2)=6.6789446661e-001; w1(5,3)=1.0600554882e-001; w1(5,4)=9.9003092295e-001; 
w20=-5.8471839572e-001; w2(1)=-1.0260905973e+000; w2(2)=-4.9550191468e-001; w2(3)=1.0765466917e+000; w2(4)=1.3509109262e+000; w2(5)=-1.1240116251e-001; 

