
%liczba neuronów ukrytych: 8, liczba wejœæ sieci: 4
%wejœcie 1: u(k-3)
%wejœcie 2: u(k-4)
%wejœcie 3: y(k-1)
%wejœcie 4: y(k-2)
%uczenie w trybie OE
w10(1,1)=-7.7370673994e-002; w1(1,1)=8.0036230349e-001; w1(1,2)=1.7826256490e+000; w1(1,3)=1.5189913821e+000; w1(1,4)=-9.2621498112e-001; 
w10(2,1)=4.7532058886e-001; w1(2,1)=2.9392623615e-001; w1(2,2)=4.5677509544e-001; w1(2,3)=1.9340715679e-001; w1(2,4)=-1.4685953889e-001; 
w10(3,1)=5.4384680868e-001; w1(3,1)=2.6630975960e-002; w1(3,2)=6.4910386869e-001; w1(3,3)=5.3644493359e-001; w1(3,4)=-7.8074128904e-001; 
w10(4,1)=-4.0069729204e-002; w1(4,1)=2.2963607253e-001; w1(4,2)=-9.9027565109e-002; w1(4,3)=3.0059800013e-001; w1(4,4)=1.2281491908e-001; 
w10(5,1)=-2.4416519141e-001; w1(5,1)=3.8285727002e-001; w1(5,2)=-1.1707978687e-001; w1(5,3)=-1.6657663226e+000; w1(5,4)=1.2889848548e+000; 
w10(6,1)=-1.5256081818e+000; w1(6,1)=-3.9697245192e-001; w1(6,2)=2.3556101823e-001; w1(6,3)=1.3227804788e-001; w1(6,4)=-1.0839896549e+000; 
w10(7,1)=7.1462042202e-001; w1(7,1)=-1.0392605230e-001; w1(7,2)=4.0897992334e-001; w1(7,3)=5.9839333310e-001; w1(7,4)=-1.4652776518e+000; 
w10(8,1)=6.3604033551e-001; w1(8,1)=7.4639433819e-001; w1(8,2)=3.3549654523e-001; w1(8,3)=9.7202730527e-001; w1(8,4)=-5.2955290953e-001; 
w20=-3.1694213128e-001; w2(1)=-3.2334966057e-002; w2(2)=-1.1641337257e-001; w2(3)=3.2041879559e-001; w2(4)=1.5149323520e+000; w2(5)=-7.5050565573e-001; w2(6)=-3.2095125063e-001; w2(7)=-2.2128994043e-001; w2(8)=-1.2066562666e-001; 

