
%liczba neuronów ukrytych: 5, liczba wejœæ sieci: 4
%wejœcie 1: u(k-3)
%wejœcie 2: u(k-4)
%wejœcie 3: y(k-1)
%wejœcie 4: y(k-2)
%uczenie w trybie OE
w10(1,1)=-5.9466185960e-002; w1(1,1)=-7.9249886149e-002; w1(1,2)=-1.2240585524e-001; w1(1,3)=1.1122585183e-001; w1(1,4)=1.7610688383e-001; 
w10(2,1)=7.7426687236e-003; w1(2,1)=-5.8666781100e-002; w1(2,2)=3.6653424110e-003; w1(2,3)=-1.6533934231e-001; w1(2,4)=-1.2537099625e-001; 
w10(3,1)=-5.8495384390e-001; w1(3,1)=9.1225662382e-002; w1(3,2)=2.7301649662e-001; w1(3,3)=-7.8896008117e-002; w1(3,4)=-4.4998412528e-001; 
w10(4,1)=-9.9236182231e-002; w1(4,1)=-1.3636698180e-001; w1(4,2)=9.6223848595e-002; w1(4,3)=-2.1933159910e-001; w1(4,4)=-4.2590168010e-001; 
w10(5,1)=1.0690129379e-001; w1(5,1)=2.1661532108e-001; w1(5,2)=9.3029208787e-002; w1(5,3)=2.6833211457e-002; w1(5,4)=-2.3063370066e-001; 
w20=-4.3962570078e-001; w2(1)=2.2835830339e-001; w2(2)=-2.3386077759e-001; w2(3)=-8.0447710906e-001; w2(4)=-6.2973136493e-001; w2(5)=-1.4520924016e-001; 

