
%liczba neuronów ukrytych: 8, liczba wejœæ sieci: 4
%wejœcie 1: u(k-3)
%wejœcie 2: u(k-4)
%wejœcie 3: y(k-1)
%wejœcie 4: y(k-2)
%uczenie w trybie ARX
w10(1,1)=-1.3367993735e-002; w1(1,1)=-2.0327792514e-001; w1(1,2)=-7.0643950041e-001; w1(1,3)=-1.3172589805e+000; w1(1,4)=9.4199855447e-001; 
w10(2,1)=2.3862836447e-001; w1(2,1)=-1.6452038255e-001; w1(2,2)=-6.2835135708e-001; w1(2,3)=-4.6079419140e-001; w1(2,4)=4.8013273707e-001; 
w10(3,1)=3.3466636973e-001; w1(3,1)=-4.7673278450e-002; w1(3,2)=-5.7376608806e-001; w1(3,3)=8.2592632404e-001; w1(3,4)=-4.4495944511e-001; 
w10(4,1)=-1.3481689509e-002; w1(4,1)=2.8196787691e-001; w1(4,2)=5.4035056993e-001; w1(4,3)=-9.3184941174e-001; w1(4,4)=-6.7061818224e-001; 
w10(5,1)=1.0368009024e+000; w1(5,1)=4.4645380306e-001; w1(5,2)=7.5351592973e-001; w1(5,3)=4.4031821562e-001; w1(5,4)=-6.7948197289e-001; 
w10(6,1)=-1.0849751519e+000; w1(6,1)=-3.0865642159e-001; w1(6,2)=-2.5776332439e-001; w1(6,3)=3.3251372310e-001; w1(6,4)=5.7142005402e-001; 
w10(7,1)=-9.3080747084e-001; w1(7,1)=3.0187378760e-001; w1(7,2)=8.3824086681e-001; w1(7,3)=2.3017349385e-001; w1(7,4)=5.0312662001e-001; 
w10(8,1)=-9.2059655158e-001; w1(8,1)=1.7964039034e-002; w1(8,2)=-3.0277658807e-001; w1(8,3)=-5.0543601102e-001; w1(8,4)=-1.3291293362e-001; 
w20=-5.6498785475e-001; w2(1)=9.1847640305e-001; w2(2)=-8.9913995708e-001; w2(3)=1.2711775584e+000; w2(4)=-4.7047226362e-002; w2(5)=6.0990349544e-001; w2(6)=7.0341370898e-001; w2(7)=5.6912128817e-001; w2(8)=-1.2121097226e+000; 

