
%liczba neuronów ukrytych: 8, liczba wejœæ sieci: 4
%wejœcie 1: u(k-3)
%wejœcie 2: u(k-4)
%wejœcie 3: y(k-1)
%wejœcie 4: y(k-2)
%uczenie w trybie ARX
w10(1,1)=7.5594814440e-001; w1(1,1)=2.7989725914e-001; w1(1,2)=1.3648382049e-001; w1(1,3)=8.2750957625e-002; w1(1,4)=-4.5595610972e-001; 
w10(2,1)=-7.5226395387e-001; w1(2,1)=3.3459989694e-001; w1(2,2)=4.9229419894e-001; w1(2,3)=2.1001220444e-001; w1(2,4)=-2.8359508468e-001; 
w10(3,1)=-1.6304422955e+000; w1(3,1)=-8.5775544212e-002; w1(3,2)=-8.5104720885e-001; w1(3,3)=-1.5050886346e+000; w1(3,4)=7.4857244174e-001; 
w10(4,1)=1.1622773091e+000; w1(4,1)=-3.5514476401e-001; w1(4,2)=-8.8651474908e-001; w1(4,3)=-5.9866886772e-001; w1(4,4)=-5.9431283530e-002; 
w10(5,1)=-2.6753211770e-001; w1(5,1)=-1.0660893150e-001; w1(5,2)=2.2310594459e-003; w1(5,3)=1.8034842403e-001; w1(5,4)=-6.8972543044e-001; 
w10(6,1)=2.7496756832e-001; w1(6,1)=2.1869852585e-001; w1(6,2)=2.8044841227e-001; w1(6,3)=-8.1196426876e-001; w1(6,4)=-6.5920621361e-002; 
w10(7,1)=-2.1292801714e-001; w1(7,1)=1.8358774196e-001; w1(7,2)=8.0095304195e-002; w1(7,3)=3.3839847131e-001; w1(7,4)=-1.0150040496e+000; 
w10(8,1)=4.6335394321e-001; w1(8,1)=-1.9300449827e-001; w1(8,2)=-7.4435725683e-001; w1(8,3)=8.4991239258e-001; w1(8,4)=-3.4486961239e-001; 
w20=-4.3420256216e-001; w2(1)=-5.0674727830e-001; w2(2)=-6.7116409386e-001; w2(3)=-6.8353099144e-001; w2(4)=-7.8014733362e-001; w2(5)=-1.2073452134e+000; w2(6)=-2.2583513958e-001; w2(7)=7.2982547929e-001; w2(8)=5.5337394415e-001; 

