
%liczba neuronów ukrytych: 8, liczba wejœæ sieci: 4
%wejœcie 1: u(k-3)
%wejœcie 2: u(k-4)
%wejœcie 3: y(k-1)
%wejœcie 4: y(k-2)
%uczenie w trybie OE
w10(1,1)=1.4823595166e+000; w1(1,1)=-1.0725087862e+000; w1(1,2)=-8.7073984220e-001; w1(1,3)=2.7069597426e-001; w1(1,4)=-6.4810324669e-001; 
w10(2,1)=-6.0887904796e-001; w1(2,1)=4.1023794235e-002; w1(2,2)=-1.8791247264e-003; w1(2,3)=-6.1780816615e-001; w1(2,4)=2.2359425384e-001; 
w10(3,1)=5.1042480379e-001; w1(3,1)=-6.1471100699e-001; w1(3,2)=-1.5542868081e+000; w1(3,3)=4.4764361624e-001; w1(3,4)=-4.7178386494e-001; 
w10(4,1)=5.6558897397e-001; w1(4,1)=-5.5459074352e-001; w1(4,2)=-1.7758633662e+000; w1(4,3)=3.7139393139e-001; w1(4,4)=-4.1518034506e-001; 
w10(5,1)=1.7920289013e-001; w1(5,1)=-6.5316021991e-001; w1(5,2)=7.4369531691e-001; w1(5,3)=5.1050051489e-001; w1(5,4)=-6.5244882239e-001; 
w10(6,1)=7.7101319739e-001; w1(6,1)=2.5468013391e-001; w1(6,2)=-2.7993605948e-001; w1(6,3)=-1.4521065858e+000; w1(6,4)=8.2078862682e-001; 
w10(7,1)=8.6836089238e-001; w1(7,1)=7.8347982380e-002; w1(7,2)=8.9288491194e-001; w1(7,3)=-7.2383315080e-001; w1(7,4)=2.5368356424e-001; 
w10(8,1)=5.3913210278e-001; w1(8,1)=1.2938952865e+000; w1(8,2)=1.0331973243e+000; w1(8,3)=-5.5232733745e-001; w1(8,4)=3.4165471433e-003; 
w20=-3.3807382979e-001; w2(1)=-7.2453851475e-002; w2(2)=-1.9495424577e+000; w2(3)=5.8090241741e-001; w2(4)=-4.8448445218e-001; w2(5)=-4.1314574222e-001; w2(6)=-1.0308487555e+000; w2(7)=6.3075754338e-002; w2(8)=3.2677441067e-002; 

