
%liczba neuronów ukrytych: 5, liczba wejœæ sieci: 4
%wejœcie 1: u(k-3)
%wejœcie 2: u(k-4)
%wejœcie 3: y(k-1)
%wejœcie 4: y(k-2)
%uczenie w trybie ARX
w10(1,1)=2.2885448125e+000; w1(1,1)=3.8620182268e-003; w1(1,2)=8.2345573778e-001; w1(1,3)=-8.3470565003e-001; w1(1,4)=1.3492407003e+000; 
w10(2,1)=2.9601571026e-001; w1(2,1)=-5.3361933323e-002; w1(2,2)=-2.4656137848e-001; w1(2,3)=8.0286707137e-001; w1(2,4)=-1.2438576347e+000; 
w10(3,1)=-1.0332770959e-001; w1(3,1)=1.3053412551e-002; w1(3,2)=3.5163186254e-001; w1(3,3)=-1.8374540361e+000; w1(3,4)=1.3862488273e+000; 
w10(4,1)=-5.8246048570e-002; w1(4,1)=6.9986823454e-001; w1(4,2)=8.8259661055e-001; w1(4,3)=8.2092414795e-001; w1(4,4)=8.2356985299e-001; 
w10(5,1)=2.1049831109e+000; w1(5,1)=-3.7591929105e-001; w1(5,2)=-3.1927739057e-001; w1(5,3)=9.6227149649e-001; w1(5,4)=7.4354084949e-002; 
w20=-8.3580187573e-001; w2(1)=8.7976247824e-001; w2(2)=-1.3515441145e+000; w2(3)=-1.1737550563e+000; w2(4)=-1.1296240669e-001; w2(5)=2.4261363566e-001; 

