
%liczba neuronów ukrytych: 2, liczba wejœæ sieci: 4
%wejœcie 1: u(k-3)
%wejœcie 2: u(k-4)
%wejœcie 3: y(k-1)
%wejœcie 4: y(k-2)
%uczenie w trybie ARX
w10(1,1)=-7.4865218495e-001; w1(1,1)=9.2420223814e-002; w1(1,2)=5.2245064502e-002; w1(1,3)=1.2082797205e+000; w1(1,4)=6.0004915907e-001; 
w10(2,1)=5.4418192455e-001; w1(2,1)=-2.8321769061e-002; w1(2,2)=-5.7515775538e-002; w1(2,3)=6.9889861546e-001; w1(2,4)=-1.7785191667e-001; 
w20=-7.7022584691e-001; w2(1)=2.1886977087e-001; w2(2)=1.8272453373e+000; 

