
%liczba neuronów ukrytych: 7, liczba wejœæ sieci: 4
%wejœcie 1: u(k-3)
%wejœcie 2: u(k-4)
%wejœcie 3: y(k-1)
%wejœcie 4: y(k-2)
%uczenie w trybie ARX
w10(1,1)=1.0008716658e-001; w1(1,1)=6.0023213100e-002; w1(1,2)=8.5999621537e-004; w1(1,3)=6.7725095881e-001; w1(1,4)=-8.9376900635e-001; 
w10(2,1)=-5.9284712480e-002; w1(2,1)=2.2507692148e-001; w1(2,2)=3.7696055430e-001; w1(2,3)=8.4218087499e-001; w1(2,4)=-1.1613019949e+000; 
w10(3,1)=-1.5662892524e-001; w1(3,1)=3.9097782481e-002; w1(3,2)=5.1078087342e-001; w1(3,3)=-6.6337587785e-001; w1(3,4)=1.2418586033e-001; 
w10(4,1)=-8.6464333383e-001; w1(4,1)=-3.3526540821e-001; w1(4,2)=-1.4082166689e-001; w1(4,3)=4.5675969347e-001; w1(4,4)=7.7193584536e-001; 
w10(5,1)=1.4161994438e+000; w1(5,1)=-7.2942214458e-001; w1(5,2)=-7.3850536301e-001; w1(5,3)=-2.9697226131e-001; w1(5,4)=-3.6031372430e-001; 
w10(6,1)=5.3339033906e-001; w1(6,1)=-3.5292432091e-001; w1(6,2)=-4.3576616791e-001; w1(6,3)=-2.7678961422e-003; w1(6,4)=1.8511285809e-001; 
w10(7,1)=1.1718060607e+000; w1(7,1)=2.0108205771e-001; w1(7,2)=2.3614356091e-001; w1(7,3)=8.1717613125e-001; w1(7,4)=-2.7804136672e-001; 
w20=-6.9353829353e-001; w2(1)=-1.3734934591e+000; w2(2)=1.0899338820e+000; w2(3)=-8.8652766730e-001; w2(4)=1.7797178724e-001; w2(5)=-4.9356623327e-001; w2(6)=9.7575697272e-001; w2(7)=1.0256331305e+000; 

