
%liczba neuronów ukrytych: 1, liczba wejœæ sieci: 4
%wejœcie 1: u(k-3)
%wejœcie 2: u(k-4)
%wejœcie 3: y(k-1)
%wejœcie 4: y(k-2)
%uczenie w trybie OE
w10(1,1)=4.2347758125e-001; w1(1,1)=-2.9725004230e-002; w1(1,2)=-2.7082843172e-001; w1(1,3)=-3.8723404797e-002; w1(1,4)=6.8794842022e-001; 
w20=-5.5575348465e-001; w2(1)=1.4788636150e+000; 

