
%liczba neuronów ukrytych: 10, liczba wejœæ sieci: 4
%wejœcie 1: u(k-3)
%wejœcie 2: u(k-4)
%wejœcie 3: y(k-1)
%wejœcie 4: y(k-2)
%uczenie w trybie OE
w10(1,1)=1.5398188618e-002; w1(1,1)=1.2787191662e-001; w1(1,2)=3.1831218565e-002; w1(1,3)=4.0610823918e-002; w1(1,4)=1.9198465898e-001; 
w10(2,1)=6.1640044534e-002; w1(2,1)=8.4907005054e-002; w1(2,2)=1.5219397365e-002; w1(2,3)=6.4072759617e-002; w1(2,4)=-1.0123794233e-001; 
w10(3,1)=5.1535304893e-001; w1(3,1)=2.9773239086e-003; w1(3,2)=-1.1612633624e-001; w1(3,3)=2.3370689043e-001; w1(3,4)=3.9324946023e-001; 
w10(4,1)=4.0719407883e-002; w1(4,1)=-2.8940316679e-002; w1(4,2)=1.5178331097e-001; w1(4,3)=-1.3572483616e-001; w1(4,4)=-8.2420316257e-002; 
w10(5,1)=1.8304549245e-002; w1(5,1)=-6.6408066336e-002; w1(5,2)=-1.9422037284e-002; w1(5,3)=-8.7242936090e-002; w1(5,4)=-6.3939475465e-002; 
w10(6,1)=3.4954927623e-001; w1(6,1)=-9.5715284795e-002; w1(6,2)=-2.6362040711e-001; w1(6,3)=6.5722847387e-002; w1(6,4)=4.2606111000e-001; 
w10(7,1)=3.9846999257e-002; w1(7,1)=-1.9660120791e-002; w1(7,2)=8.4390542761e-002; w1(7,3)=-7.4850109832e-002; w1(7,4)=-7.5444542351e-003; 
w10(8,1)=2.9102495818e-002; w1(8,1)=-5.5536769403e-002; w1(8,2)=-7.8196532108e-002; w1(8,3)=7.4344041440e-002; w1(8,4)=2.8410604441e-001; 
w10(9,1)=4.8819282622e-002; w1(9,1)=1.5492279435e-001; w1(9,2)=1.2360418923e-001; w1(9,3)=-3.5368456715e-002; w1(9,4)=-1.3773540903e-001; 
w10(10,1)=9.8839022207e-003; w1(10,1)=-9.8566806952e-002; w1(10,2)=-9.4806191046e-002; w1(10,3)=7.4497557665e-003; w1(10,4)=3.0352198735e-001; 
w20=-4.6280240925e-001; w2(1)=2.2994621814e-001; w2(2)=-2.3797191903e-002; w2(3)=6.8888836853e-001; w2(4)=-1.5205509401e-001; w2(5)=-9.9579166263e-002; w2(6)=4.5532857105e-001; w2(7)=-4.2533672419e-002; w2(8)=2.8291465992e-001; w2(9)=-1.0166621730e-001; w2(10)=2.4916710211e-001; 

