
%liczba neuronów ukrytych: 8, liczba wejœæ sieci: 4
%wejœcie 1: u(k-3)
%wejœcie 2: u(k-4)
%wejœcie 3: y(k-1)
%wejœcie 4: y(k-2)
%uczenie w trybie OE
w10(1,1)=-1.0547575747e+000; w1(1,1)=3.0968829361e-001; w1(1,2)=-7.1450368060e-001; w1(1,3)=-1.4536054482e+000; w1(1,4)=7.8108453208e-001; 
w10(2,1)=4.4619117990e-001; w1(2,1)=-4.0242356815e-001; w1(2,2)=-2.0379492409e-001; w1(2,3)=1.5887779439e+000; w1(2,4)=-1.1432499143e+000; 
w10(3,1)=-1.3921793452e+000; w1(3,1)=2.4039812236e-001; w1(3,2)=-1.4365135162e+000; w1(3,3)=-8.5285068591e-001; w1(3,4)=1.0863809122e+000; 
w10(4,1)=9.0678438917e-001; w1(4,1)=6.7918685373e-001; w1(4,2)=-1.0936724087e+000; w1(4,3)=-7.5504337791e-001; w1(4,4)=8.9326583476e-001; 
w10(5,1)=-4.2230292802e-001; w1(5,1)=-1.1249514369e+000; w1(5,2)=1.5867048584e+000; w1(5,3)=2.4258710474e+000; w1(5,4)=-1.8308536111e+000; 
w10(6,1)=4.1670803684e-001; w1(6,1)=-1.0593323822e+000; w1(6,2)=1.2502807184e+000; w1(6,3)=6.1707490533e-001; w1(6,4)=-1.1720834305e+000; 
w10(7,1)=-4.0717841812e-002; w1(7,1)=6.8264287049e-001; w1(7,2)=1.1912829935e+000; w1(7,3)=1.1542278709e+000; w1(7,4)=-8.8693793328e-001; 
w10(8,1)=-4.7749771629e-001; w1(8,1)=2.2949641257e-001; w1(8,2)=1.8007751154e-001; w1(8,3)=1.0381638882e+000; w1(8,4)=-4.3576778399e-001; 
w20=-7.0279254939e-001; w2(1)=-8.2829111746e-001; w2(2)=2.5506785445e-001; w2(3)=2.3174968762e-001; w2(4)=9.2792727329e-001; w2(5)=4.3799671541e-001; w2(6)=-2.4178744779e-001; w2(7)=-8.9164569553e-002; w2(8)=5.6110656003e-001; 

