
%liczba neuronów ukrytych: 4, liczba wejœæ sieci: 4
%wejœcie 1: u(k-3)
%wejœcie 2: u(k-4)
%wejœcie 3: y(k-1)
%wejœcie 4: y(k-2)
%uczenie w trybie ARX
w10(1,1)=-3.1588399735e-001; w1(1,1)=1.1631557707e-002; w1(1,2)=2.2105943371e-001; w1(1,3)=-2.1258196626e+000; w1(1,4)=1.5105266320e+000; 
w10(2,1)=8.1632167753e-001; w1(2,1)=1.4822682242e-002; w1(2,2)=4.5633261547e-001; w1(2,3)=-9.2516639706e-001; w1(2,4)=-2.4103949296e-001; 
w10(3,1)=3.7565740123e-001; w1(3,1)=-1.2701900998e-003; w1(3,2)=-1.0000916986e-001; w1(3,3)=4.5828584799e-001; w1(3,4)=-5.4082631762e-001; 
w10(4,1)=2.0892944392e+000; w1(4,1)=-1.9119556189e-001; w1(4,2)=-5.1191206611e-001; w1(4,3)=7.4138718373e-001; w1(4,4)=2.8100888089e-001; 
w20=4.1656145502e-001; w2(1)=-1.1086191324e+000; w2(2)=-2.4417775186e-001; w2(3)=-2.4678600909e+000; w2(4)=3.0564653224e-001; 

