
%liczba neuronów ukrytych: 4, liczba wejœæ sieci: 4
%wejœcie 1: u(k-3)
%wejœcie 2: u(k-4)
%wejœcie 3: y(k-1)
%wejœcie 4: y(k-2)
%uczenie w trybie OE
w10(1,1)=-4.8463867047e-001; w1(1,1)=-4.3554018049e-001; w1(1,2)=-1.4042126440e+000; w1(1,3)=-9.6681603477e+000; w1(1,4)=9.3062972124e+000; 
w10(2,1)=5.3395640663e-001; w1(2,1)=-9.3772079204e-003; w1(2,2)=-8.3350614498e-002; w1(2,3)=2.0046746499e-001; w1(2,4)=3.4566002641e-001; 
w10(3,1)=-6.1717798181e-001; w1(3,1)=-2.2837210027e+000; w1(3,2)=5.7598307515e+000; w1(3,3)=-4.1893103541e+000; w1(3,4)=4.4279090812e+000; 
w10(4,1)=8.6765135505e-001; w1(4,1)=-5.0477104163e-001; w1(4,2)=-2.9966611826e-001; w1(4,3)=-3.3983873972e+000; w1(4,4)=1.8887623113e+000; 
w20=-5.0200384060e-001; w2(1)=1.2953010583e-001; w2(2)=1.5408139193e+000; w2(3)=-8.4249091644e-002; w2(4)=-3.3816308219e-001; 

