
%liczba neuronów ukrytych: 6, liczba wejœæ sieci: 4
%wejœcie 1: u(k-3)
%wejœcie 2: u(k-4)
%wejœcie 3: y(k-1)
%wejœcie 4: y(k-2)
%uczenie w trybie OE
w10(1,1)=-1.0449007604e-001; w1(1,1)=-6.3193390937e-003; w1(1,2)=1.9312265266e-001; w1(1,3)=-8.5773089067e-002; w1(1,4)=-3.1205463061e-001; 
w10(2,1)=4.5859582752e-001; w1(2,1)=-3.5461892426e-002; w1(2,2)=-2.4951116112e-001; w1(2,3)=1.7899923583e-001; w1(2,4)=3.0152486256e-001; 
w10(3,1)=-5.3308274734e-003; w1(3,1)=-1.8736382000e-001; w1(3,2)=-7.5196361159e-002; w1(3,3)=-1.9086132916e-001; w1(3,4)=-2.4914610256e-001; 
w10(4,1)=2.1486906737e-001; w1(4,1)=-2.0083422663e-001; w1(4,2)=-3.9110643369e-001; w1(4,3)=1.0984380161e-001; w1(4,4)=1.7675572747e-001; 
w10(5,1)=2.9849258695e-002; w1(5,1)=-2.3953211020e-001; w1(5,2)=-2.2575460228e-001; w1(5,3)=-1.0186852162e-001; w1(5,4)=-1.5106921288e-001; 
w10(6,1)=-1.0319583419e-002; w1(6,1)=6.4153260952e-002; w1(6,2)=1.6543193588e-001; w1(6,3)=8.0032511508e-002; w1(6,4)=8.6777653797e-002; 
w20=-4.6067635199e-001; w2(1)=-5.3287232212e-001; w2(2)=7.9987277507e-001; w2(3)=-3.8035225224e-001; w2(4)=3.9825805672e-001; w2(5)=-2.4108856488e-001; w2(6)=8.4933871238e-002; 

