
%liczba neuronów ukrytych: 7, liczba wejœæ sieci: 4
%wejœcie 1: u(k-3)
%wejœcie 2: u(k-4)
%wejœcie 3: y(k-1)
%wejœcie 4: y(k-2)
%uczenie w trybie OE
w10(1,1)=1.1847394707e-001; w1(1,1)=-9.4609737897e-002; w1(1,2)=-1.8670829030e-001; w1(1,3)=1.9348561311e-001; w1(1,4)=1.6165687773e-001; 
w10(2,1)=1.7992367916e-001; w1(2,1)=1.9854699404e-002; w1(2,2)=-8.0508054751e-002; w1(2,3)=1.1023862574e-001; w1(2,4)=3.4263426207e-001; 
w10(3,1)=-1.7752042555e-001; w1(3,1)=2.5078077990e-002; w1(3,2)=-4.1327684454e-002; w1(3,3)=-1.9518639451e-001; w1(3,4)=-3.2284782867e-001; 
w10(4,1)=-3.6231423547e-003; w1(4,1)=-1.0064767109e-001; w1(4,2)=-7.4091385134e-002; w1(4,3)=5.6200725354e-002; w1(4,4)=2.1740613938e-001; 
w10(5,1)=1.5615074727e-003; w1(5,1)=-1.1256211818e-001; w1(5,2)=1.6244765843e-002; w1(5,3)=-4.9521470991e-002; w1(5,4)=-2.0631846677e-001; 
w10(6,1)=-5.6353324008e-001; w1(6,1)=1.5511206582e-001; w1(6,2)=2.1841432022e-001; w1(6,3)=-1.5658617548e-001; w1(6,4)=-3.7719631487e-001; 
w10(7,1)=-2.9258812094e-002; w1(7,1)=1.7527587786e-002; w1(7,2)=-5.6955159630e-002; w1(7,3)=1.3416747173e-001; w1(7,4)=1.3598139002e-001; 
w20=-4.4520264205e-001; w2(1)=2.3792642232e-001; w2(2)=4.2239832033e-001; w2(3)=-4.1056439166e-001; w2(4)=2.0405898641e-001; w2(5)=-2.3855039627e-001; w2(6)=-5.6661747167e-001; w2(7)=1.9250555907e-001; 

