
%liczba neuronów ukrytych: 3, liczba wejœæ sieci: 4
%wejœcie 1: u(k-3)
%wejœcie 2: u(k-4)
%wejœcie 3: y(k-1)
%wejœcie 4: y(k-2)
%uczenie w trybie OE
w10(1,1)=5.1820536920e-002; w1(1,1)=2.5771867804e-002; w1(1,2)=-1.6486199023e-002; w1(1,3)=4.2436808198e-001; w1(1,4)=-1.3010545755e-001; 
w10(2,1)=-1.5753299605e+000; w1(2,1)=1.1430852945e+000; w1(2,2)=1.0694553292e+000; w1(2,3)=-1.3941507810e+000; w1(2,4)=1.8747809700e+000; 
w10(3,1)=-7.7807999904e-001; w1(3,1)=2.9513418858e-001; w1(3,2)=1.1341439752e+000; w1(3,3)=3.5639436363e-001; w1(3,4)=-3.3508537026e-001; 
w20=-2.0514091835e-001; w2(1)=3.1660593045e+000; w2(2)=1.6560727772e-001; w2(3)=-2.9940219933e-001; 

