
%liczba neuronów ukrytych: 3, liczba wejœæ sieci: 4
%wejœcie 1: u(k-3)
%wejœcie 2: u(k-4)
%wejœcie 3: y(k-1)
%wejœcie 4: y(k-2)
%uczenie w trybie ARX
w10(1,1)=2.3265304095e+000; w1(1,1)=-1.8050859945e+000; w1(1,2)=-6.3627581800e-001; w1(1,3)=-3.2684306519e-001; w1(1,4)=-1.0341470582e+000; 
w10(2,1)=1.3569452062e-002; w1(2,1)=5.1036649791e-003; w1(2,2)=1.7105612748e-001; w1(2,3)=-8.1091605107e-001; w1(2,4)=9.3902757777e-001; 
w10(3,1)=1.8847229496e-001; w1(3,1)=-2.4911776133e-002; w1(3,2)=-2.3090326009e-001; w1(3,3)=1.3310374176e+000; w1(3,4)=-1.0973466928e+000; 
w20=-4.2305406980e-001; w2(1)=-9.3013637601e-002; w2(2)=2.7361590062e+000; w2(3)=2.5895692428e+000; 

