
%liczba neuronów ukrytych: 6, liczba wejœæ sieci: 4
%wejœcie 1: u(k-3)
%wejœcie 2: u(k-4)
%wejœcie 3: y(k-1)
%wejœcie 4: y(k-2)
%uczenie w trybie ARX
w10(1,1)=4.1722437197e-001; w1(1,1)=8.2697646730e-003; w1(1,2)=-4.2062432696e-001; w1(1,3)=1.5494114093e+000; w1(1,4)=-1.0989114971e+000; 
w10(2,1)=7.0758948919e-001; w1(2,1)=5.7974181217e-002; w1(2,2)=5.0822051342e-002; w1(2,3)=1.1271364553e-001; w1(2,4)=-7.4670912688e-001; 
w10(3,1)=4.7962285207e-001; w1(3,1)=-3.4131637584e-001; w1(3,2)=-1.3069067021e+000; w1(3,3)=-1.5637820270e+000; w1(3,4)=9.5500036112e-001; 
w10(4,1)=1.2636357811e+000; w1(4,1)=-2.9177809446e-002; w1(4,2)=8.1450836171e-001; w1(4,3)=1.3478603090e-001; w1(4,4)=7.7727441798e-001; 
w10(5,1)=-1.2326953769e+000; w1(5,1)=2.6321240019e-002; w1(5,2)=9.9821497800e-002; w1(5,3)=-1.3012386259e+000; w1(5,4)=-1.3133590805e+000; 
w10(6,1)=-6.4358979219e-001; w1(6,1)=2.8012999610e-001; w1(6,2)=1.0679769760e+000; w1(6,3)=3.6826712247e-001; w1(6,4)=2.9021499104e-001; 
w20=-1.8982908311e-001; w2(1)=1.0459919954e+000; w2(2)=-6.2018597868e-001; w2(3)=7.0485109845e-001; w2(4)=5.1547676954e-001; w2(5)=8.4834307451e-003; w2(6)=1.0433334152e+000; 

