
%liczba neuronów ukrytych: 2, liczba wejœæ sieci: 4
%wejœcie 1: u(k-3)
%wejœcie 2: u(k-4)
%wejœcie 3: y(k-1)
%wejœcie 4: y(k-2)
%uczenie w trybie ARX
w10(1,1)=-5.4418290783e-001; w1(1,1)=2.8321793540e-002; w1(1,2)=5.7516080227e-002; w1(1,3)=-6.9889837846e-001; w1(1,4)=1.7785082710e-001; 
w10(2,1)=7.4865321446e-001; w1(2,1)=-9.2419531432e-002; w1(2,2)=-5.2246794792e-002; w1(2,3)=-1.2083143973e+000; w1(2,4)=-6.0001727642e-001; 
w20=-7.7022536170e-001; w2(1)=-1.8272424354e+000; w2(2)=-2.1887026308e-001; 

