
%liczba neuronów ukrytych: 2, liczba wejœæ sieci: 4
%wejœcie 1: u(k-3)
%wejœcie 2: u(k-4)
%wejœcie 3: y(k-1)
%wejœcie 4: y(k-2)
%uczenie w trybie OE
w10(1,1)=-6.1289565660e-001; w1(1,1)=5.5008495065e-002; w1(1,2)=2.8166902895e-001; w1(1,3)=1.0247643721e-001; w1(1,4)=-6.5550355192e-001; 
w10(2,1)=-1.4854314841e-001; w1(2,1)=9.7922062382e-002; w1(2,2)=-1.4473705557e-001; w1(2,3)=1.8592560668e-001; w1(2,4)=4.9457287612e-001; 
w20=-5.0014695119e-001; w2(1)=-1.1207591198e+000; w2(2)=6.5081406688e-001; 

