
%liczba neuronów ukrytych: 10, liczba wejœæ sieci: 4
%wejœcie 1: u(k-3)
%wejœcie 2: u(k-4)
%wejœcie 3: y(k-1)
%wejœcie 4: y(k-2)
%uczenie w trybie OE
w10(1,1)=5.6737681374e-001; w1(1,1)=-1.9610107772e-002; w1(1,2)=-1.1183701692e+000; w1(1,3)=2.7428722151e-002; w1(1,4)=1.0415228237e-001; 
w10(2,1)=-9.0595366879e-001; w1(2,1)=-3.3601167199e-001; w1(2,2)=1.1873725752e+000; w1(2,3)=1.2788177669e+000; w1(2,4)=-6.8305612964e-001; 
w10(3,1)=-1.0233502845e+000; w1(3,1)=-1.7833109618e-002; w1(3,2)=-2.0880779793e-001; w1(3,3)=-8.5657756654e-001; w1(3,4)=3.7796598127e-001; 
w10(4,1)=-8.0567736331e-001; w1(4,1)=-5.0625359446e-002; w1(4,2)=3.5896746377e-001; w1(4,3)=-4.0878533840e-001; w1(4,4)=1.4607615193e-001; 
w10(5,1)=-9.5803841416e-001; w1(5,1)=1.0134713484e-001; w1(5,2)=-2.9219366076e-001; w1(5,3)=2.1643834815e-001; w1(5,4)=6.7432345685e-001; 
w10(6,1)=-5.0602661389e-002; w1(6,1)=2.2686437854e-001; w1(6,2)=-4.4843886430e-001; w1(6,3)=8.3270770704e-001; w1(6,4)=-3.9109315107e-001; 
w10(7,1)=6.3260312191e-001; w1(7,1)=-2.5584338298e-001; w1(7,2)=7.6342123665e-001; w1(7,3)=8.5233223855e-001; w1(7,4)=-2.7171402430e-001; 
w10(8,1)=2.3993332654e-001; w1(8,1)=-1.6671629273e+000; w1(8,2)=-1.1883895918e+000; w1(8,3)=6.3658567364e-001; w1(8,4)=-5.6624566956e-001; 
w10(9,1)=3.7586357492e-001; w1(9,1)=1.0544939771e+000; w1(9,2)=5.8074674874e-001; w1(9,3)=8.5736194394e-001; w1(9,4)=-2.1708274900e-001; 
w10(10,1)=-6.9353123281e-001; w1(10,1)=7.9234609202e-002; w1(10,2)=-1.9090280008e-001; w1(10,3)=-6.9938378075e-001; w1(10,4)=2.6279373343e-001; 
w20=-8.7111364833e-001; w2(1)=2.3261950861e-003; w2(2)=3.7996355612e-001; w2(3)=-3.9862049700e-001; w2(4)=-1.1137757066e+000; w2(5)=2.7464336862e-001; w2(6)=6.6973777149e-001; w2(7)=4.1084181017e-001; w2(8)=2.7171152967e-002; w2(9)=-1.1799751919e-002; w2(10)=-1.6482362879e-001; 

