
%liczba neuronów ukrytych: 6, liczba wejœæ sieci: 4
%wejœcie 1: u(k-3)
%wejœcie 2: u(k-4)
%wejœcie 3: y(k-1)
%wejœcie 4: y(k-2)
%uczenie w trybie OE
w10(1,1)=4.8620637103e-002; w1(1,1)=2.9383065611e-001; w1(1,2)=1.8827689442e-001; w1(1,3)=7.9267427673e-002; w1(1,4)=5.4747256716e-002; 
w10(2,1)=-1.8822305579e-002; w1(2,1)=1.0865984611e-002; w1(2,2)=-5.2464230299e-002; w1(2,3)=1.1740557296e-001; w1(2,4)=1.9846812129e-001; 
w10(3,1)=-3.5285492613e-002; w1(3,1)=1.7416636434e-001; w1(3,2)=1.4145278698e-001; w1(3,3)=1.1635975247e-001; w1(3,4)=3.4296567367e-001; 
w10(4,1)=3.1348456544e-002; w1(4,1)=-3.5726996764e-002; w1(4,2)=-1.0864390422e-001; w1(4,3)=5.0559255840e-002; w1(4,4)=2.5806663167e-001; 
w10(5,1)=-4.6373813932e-001; w1(5,1)=1.2186435948e-001; w1(5,2)=2.1830220495e-001; w1(5,3)=-1.2761191930e-001; w1(5,4)=-3.2644589485e-001; 
w10(6,1)=-2.1138684256e-001; w1(6,1)=1.7795295948e-001; w1(6,2)=3.9974793170e-001; w1(6,3)=-5.6635764929e-002; w1(6,4)=-2.3354949506e-001; 
w20=-4.0063198185e-001; w2(1)=1.6542504793e-001; w2(2)=2.9909898261e-001; w2(3)=5.3498714666e-001; w2(4)=3.9531634601e-001; w2(5)=-7.5490830680e-001; w2(6)=-4.3649025978e-001; 

