
%liczba neuronów ukrytych: 10, liczba wejœæ sieci: 4
%wejœcie 1: u(k-3)
%wejœcie 2: u(k-4)
%wejœcie 3: y(k-1)
%wejœcie 4: y(k-2)
%uczenie w trybie OE
w10(1,1)=-1.4825638665e-002; w1(1,1)=2.4863637690e-002; w1(1,2)=-5.2282831060e-002; w1(1,3)=-9.5586920237e-003; w1(1,4)=1.0069414234e-001; 
w10(2,1)=-3.5406978180e-001; w1(2,1)=1.0953018212e-001; w1(2,2)=1.4528784441e-001; w1(2,3)=-2.2445304574e-001; w1(2,4)=-2.8896682367e-001; 
w10(3,1)=-3.4240952914e-002; w1(3,1)=-1.6084866140e-001; w1(3,2)=-3.9286078583e-002; w1(3,3)=8.3118392421e-004; w1(3,4)=8.0376668224e-002; 
w10(4,1)=3.6298502641e-001; w1(4,1)=-1.6609980244e-002; w1(4,2)=-1.7175166481e-001; w1(4,3)=1.6540817683e-001; w1(4,4)=3.6668697266e-001; 
w10(5,1)=2.7935852871e-002; w1(5,1)=-1.1544298648e-001; w1(5,2)=-1.4093634590e-001; w1(5,3)=1.5905108962e-001; w1(5,4)=1.0585210214e-001; 
w10(6,1)=9.7087122851e-003; w1(6,1)=5.8810771204e-002; w1(6,2)=9.3282044121e-002; w1(6,3)=-9.3113423221e-002; w1(6,4)=-7.2683512671e-002; 
w10(7,1)=2.9654050773e-002; w1(7,1)=2.1084015942e-002; w1(7,2)=3.8602344940e-002; w1(7,3)=1.6627676768e-001; w1(7,4)=2.1556603016e-001; 
w10(8,1)=-9.0965633235e-002; w1(8,1)=2.1463239422e-003; w1(8,2)=-1.6966594660e-001; w1(8,3)=1.1912528235e-002; w1(8,4)=7.8139430127e-002; 
w10(9,1)=4.1615940311e-001; w1(9,1)=-3.9747562064e-002; w1(9,2)=-1.6932557479e-001; w1(9,3)=1.2352702171e-001; w1(9,4)=4.1921608997e-001; 
w10(10,1)=3.9022884013e-002; w1(10,1)=-1.4951381225e-001; w1(10,2)=2.0222716248e-002; w1(10,3)=-4.8012908698e-002; w1(10,4)=-2.0183077264e-001; 
w20=-4.7134651302e-001; w2(1)=1.0113064620e-001; w2(2)=-3.9643198628e-001; w2(3)=4.8221425603e-002; w2(4)=4.6329879976e-001; w2(5)=1.2533781617e-001; w2(6)=-8.4991082191e-002; w2(7)=2.6833641197e-001; w2(8)=7.9416642594e-002; w2(9)=5.0681982113e-001; w2(10)=-2.2553741805e-001; 

