
%liczba neuronów ukrytych: 8, liczba wejœæ sieci: 4
%wejœcie 1: u(k-3)
%wejœcie 2: u(k-4)
%wejœcie 3: y(k-1)
%wejœcie 4: y(k-2)
%uczenie w trybie OE
w10(1,1)=-2.1852089384e-001; w1(1,1)=1.7729536510e-001; w1(1,2)=3.8646183605e-001; w1(1,3)=6.7980365299e-001; w1(1,4)=-1.7355239585e-001; 
w10(2,1)=1.2764874648e+000; w1(2,1)=3.8697581175e-001; w1(2,2)=-2.5997633047e-001; w1(2,3)=3.3459886751e-002; w1(2,4)=7.5169049747e-001; 
w10(3,1)=2.1224892227e-001; w1(3,1)=4.6123759496e-001; w1(3,2)=4.5316776766e-001; w1(3,3)=2.5587860433e-001; w1(3,4)=-4.0617866601e-001; 
w10(4,1)=4.9139182992e-001; w1(4,1)=-2.4860243234e-001; w1(4,2)=-1.9762246680e-001; w1(4,3)=1.0770279368e+000; w1(4,4)=-6.0690732048e-001; 
w10(5,1)=3.2033139774e-001; w1(5,1)=6.1877484067e-001; w1(5,2)=3.1445509184e-001; w1(5,3)=-2.9220508857e-001; w1(5,4)=2.6994573646e-001; 
w10(6,1)=-9.4094516418e-001; w1(6,1)=1.7942307695e+000; w1(6,2)=1.5142839056e+000; w1(6,3)=-2.0423899343e-001; w1(6,4)=-2.7216237033e-001; 
w10(7,1)=-5.1058027255e-001; w1(7,1)=1.2869656659e-001; w1(7,2)=-3.3378627753e-001; w1(7,3)=4.5574788538e-001; w1(7,4)=1.9631847620e-001; 
w10(8,1)=3.7545889843e-001; w1(8,1)=-6.2320086102e-001; w1(8,2)=-8.4378936906e-001; w1(8,3)=-2.3681024148e-001; w1(8,4)=-1.6418728256e-001; 
w20=-2.2359757460e-001; w2(1)=7.4693321286e-001; w2(2)=5.5586953396e-001; w2(3)=7.3724937358e-001; w2(4)=6.4234035607e-001; w2(5)=-7.1432726204e-001; w2(6)=-1.1966463524e-004; w2(7)=7.8122951612e-001; w2(8)=1.4157606401e-001; 

