
%liczba neuronów ukrytych: 10, liczba wejœæ sieci: 4
%wejœcie 1: u(k-3)
%wejœcie 2: u(k-4)
%wejœcie 3: y(k-1)
%wejœcie 4: y(k-2)
%uczenie w trybie OE
w10(1,1)=-1.3689367572e+000; w1(1,1)=1.3219126039e+000; w1(1,2)=1.2290355277e+000; w1(1,3)=1.7775948706e-001; w1(1,4)=-5.4505295842e-001; 
w10(2,1)=7.5202038157e-001; w1(2,1)=-8.7215047107e-003; w1(2,2)=2.7272291553e-001; w1(2,3)=3.5023040296e-001; w1(2,4)=8.8556131259e-002; 
w10(3,1)=-5.8262297076e-001; w1(3,1)=8.6753213357e-002; w1(3,2)=2.4431222004e-001; w1(3,3)=-2.3787029590e-001; w1(3,4)=2.5842138980e-001; 
w10(4,1)=-7.3905080759e-002; w1(4,1)=9.7459614115e-001; w1(4,2)=2.1176303532e+000; w1(4,3)=5.6412047346e-001; w1(4,4)=-3.6432802436e-002; 
w10(5,1)=1.1921258797e-002; w1(5,1)=-2.9684138538e-001; w1(5,2)=3.0152628792e-001; w1(5,3)=-8.0434496966e-001; w1(5,4)=5.0608590969e-001; 
w10(6,1)=-1.1260142653e+000; w1(6,1)=1.0427405140e-001; w1(6,2)=8.8380177381e-001; w1(6,3)=7.7412900516e-002; w1(6,4)=3.7266391327e-001; 
w10(7,1)=4.5245395062e-001; w1(7,1)=3.8232437804e-001; w1(7,2)=-3.9794385972e-001; w1(7,3)=-4.7035293158e-001; w1(7,4)=-4.3230182928e-002; 
w10(8,1)=1.0223285403e+000; w1(8,1)=-5.4598166633e-001; w1(8,2)=-1.3308686761e+000; w1(8,3)=3.5720042603e-001; w1(8,4)=7.3511445012e-002; 
w10(9,1)=-1.6113784992e+000; w1(9,1)=4.9568984197e-001; w1(9,2)=-3.0833816173e-001; w1(9,3)=-6.1234712848e-001; w1(9,4)=-1.7207768454e-001; 
w10(10,1)=-9.3744787975e-002; w1(10,1)=-2.6865290048e-002; w1(10,2)=-9.3215297119e-002; w1(10,3)=3.8590795520e-001; w1(10,4)=-1.0200107842e-001; 
w20=-2.3233774314e-001; w2(1)=7.0248642531e-002; w2(2)=3.9425417682e-001; w2(3)=-2.1076531159e-001; w2(4)=-1.4657862930e-002; w2(5)=-1.1275146924e+000; w2(6)=1.8121246182e-001; w2(7)=-7.7084281122e-001; w2(8)=1.4781982426e-001; w2(9)=-3.7216360755e-001; w2(10)=4.1418583361e-001; 

