
%liczba neuronów ukrytych: 5, liczba wejœæ sieci: 4
%wejœcie 1: u(k-3)
%wejœcie 2: u(k-4)
%wejœcie 3: y(k-1)
%wejœcie 4: y(k-2)
%uczenie w trybie OE
w10(1,1)=-1.9860379979e+000; w1(1,1)=2.2612667916e+000; w1(1,2)=7.4074834661e-001; w1(1,3)=8.8321267691e-002; w1(1,4)=7.2655442327e-001; 
w10(2,1)=-1.9879327856e-001; w1(2,1)=-4.4459829235e-002; w1(2,2)=4.2365230121e-001; w1(2,3)=-2.1861563677e+000; w1(2,4)=1.8720240903e+000; 
w10(3,1)=1.1766623501e+000; w1(3,1)=-1.0623086325e-001; w1(3,2)=1.4110813696e-001; w1(3,3)=4.3005732256e-001; w1(3,4)=2.2852566791e-001; 
w10(4,1)=1.5017751312e+000; w1(4,1)=-1.0121272931e+000; w1(4,2)=-1.9065650274e+000; w1(4,3)=3.9603991675e-001; w1(4,4)=-9.0619519186e-001; 
w10(5,1)=-3.8645724830e-001; w1(5,1)=4.6888999230e-003; w1(5,2)=6.9250743900e-002; w1(5,3)=3.1949102065e-001; w1(5,4)=1.5235819599e-001; 
w20=-1.8789721759e-001; w2(1)=2.4561013010e-002; w2(2)=-5.1226986671e-001; w2(3)=8.2758590930e-001; w2(4)=8.0198326503e-003; w2(5)=1.5745910025e+000; 

