
%liczba neuronów ukrytych: 2, liczba wejœæ sieci: 4
%wejœcie 1: u(k-3)
%wejœcie 2: u(k-4)
%wejœcie 3: y(k-1)
%wejœcie 4: y(k-2)
%uczenie w trybie ARX
w10(1,1)=7.4865439327e-001; w1(1,1)=-9.2416885358e-002; w1(1,2)=-5.2251573978e-002; w1(1,3)=-1.2082722003e+000; w1(1,4)=-6.0005345321e-001; 
w10(2,1)=-5.4417996620e-001; w1(2,1)=2.8321455941e-002; w1(2,2)=5.7516078357e-002; w1(2,3)=-6.9889601035e-001; w1(2,4)=1.7785070195e-001; 
w20=-7.7022516768e-001; w2(1)=-2.1886941533e-001; w2(2)=-1.8272496701e+000; 

