
%liczba neuronów ukrytych: 3, liczba wejœæ sieci: 4
%wejœcie 1: u(k-3)
%wejœcie 2: u(k-4)
%wejœcie 3: y(k-1)
%wejœcie 4: y(k-2)
%uczenie w trybie OE
w10(1,1)=4.8319069407e-001; w1(1,1)=-3.9695174954e-002; w1(1,2)=-2.3209928925e-001; w1(1,3)=6.1457161687e-002; w1(1,4)=4.5872105026e-001; 
w10(2,1)=5.2295620143e-002; w1(2,1)=-2.2803117954e-001; w1(2,2)=-1.5197611598e-001; w1(2,3)=-2.7147064372e-001; w1(2,4)=-3.5894720075e-001; 
w10(3,1)=-4.5351797151e-002; w1(3,1)=-3.7105979801e-001; w1(3,2)=-5.7043081211e-001; w1(3,3)=9.6637708022e-003; w1(3,4)=1.4864781003e-001; 
w20=-4.4935616287e-001; w2(1)=1.1291864536e+000; w2(2)=-5.7151923057e-001; w2(3)=2.7921515326e-001; 

