
%liczba neuronów ukrytych: 8, liczba wejœæ sieci: 4
%wejœcie 1: u(k-3)
%wejœcie 2: u(k-4)
%wejœcie 3: y(k-1)
%wejœcie 4: y(k-2)
%uczenie w trybie ARX
w10(1,1)=-1.5228172078e+000; w1(1,1)=3.0364912892e-001; w1(1,2)=8.5669816712e-001; w1(1,3)=5.4872062872e-001; w1(1,4)=2.8125347155e-001; 
w10(2,1)=-9.1693479417e-001; w1(2,1)=1.7764063430e-001; w1(2,2)=-4.0844018049e-001; w1(2,3)=-6.2451851457e-001; w1(2,4)=3.1066684154e-002; 
w10(3,1)=2.4571930286e-001; w1(3,1)=5.6282227628e-001; w1(3,2)=1.7210289499e+000; w1(3,3)=1.3749579581e+000; w1(3,4)=-1.6741232322e-001; 
w10(4,1)=3.2097088863e-001; w1(4,1)=3.5017718741e-001; w1(4,2)=3.3406945949e-001; w1(4,3)=-4.0531432236e-001; w1(4,4)=-5.0431452242e-001; 
w10(5,1)=7.5064642306e-001; w1(5,1)=5.2424537440e-001; w1(5,2)=2.3186535632e-001; w1(5,3)=-4.7587729102e-001; w1(5,4)=-1.2171098929e-001; 
w10(6,1)=-3.1153934786e-001; w1(6,1)=-2.0123453077e-002; w1(6,2)=5.5730213844e-001; w1(6,3)=-9.2696430273e-001; w1(6,4)=5.6867999783e-001; 
w10(7,1)=-7.8589922134e-002; w1(7,1)=-4.8273481507e-001; w1(7,2)=-8.4376421749e-001; w1(7,3)=5.6016786035e-001; w1(7,4)=-1.3007272960e+000; 
w10(8,1)=1.0583139702e+000; w1(8,1)=8.5930994289e-001; w1(8,2)=9.4581780903e-001; w1(8,3)=-5.3459912373e-003; w1(8,4)=-2.9003108056e-001; 
w20=-2.3167498816e-001; w2(1)=5.1150718681e-001; w2(2)=-8.1389353876e-001; w2(3)=-3.5775148070e-001; w2(4)=5.6659558307e-002; w2(5)=-7.0248813692e-001; w2(6)=-1.0648841855e+000; w2(7)=-6.1294342272e-001; w2(8)=3.2297931425e-001; 

