
%liczba neuronów ukrytych: 7, liczba wejœæ sieci: 4
%wejœcie 1: u(k-3)
%wejœcie 2: u(k-4)
%wejœcie 3: y(k-1)
%wejœcie 4: y(k-2)
%uczenie w trybie OE
w10(1,1)=-3.8849002226e-003; w1(1,1)=-6.9175182061e-001; w1(1,2)=-1.4629610551e+000; w1(1,3)=2.1021729551e-001; w1(1,4)=-5.3947544479e-001; 
w10(2,1)=2.9355458104e-001; w1(2,1)=1.8716842813e-001; w1(2,2)=-2.7314649492e-001; w1(2,3)=1.4429559357e+000; w1(2,4)=-1.0333808688e+000; 
w10(3,1)=-4.6155457817e-001; w1(3,1)=-9.8606842384e-002; w1(3,2)=-4.4765942105e-001; w1(3,3)=1.3856234349e+000; w1(3,4)=-1.9536339754e+000; 
w10(4,1)=-1.4689958757e+000; w1(4,1)=-5.9614077534e-001; w1(4,2)=1.4248810526e+000; w1(4,3)=2.4324611022e+000; w1(4,4)=-4.8624899356e-001; 
w10(5,1)=8.5191079752e-001; w1(5,1)=-2.0852462956e+000; w1(5,2)=-1.4588908483e+000; w1(5,3)=-1.0066098249e+000; w1(5,4)=-9.9757071062e-001; 
w10(6,1)=9.1944524148e-001; w1(6,1)=5.3809016885e-001; w1(6,2)=1.9200365125e+000; w1(6,3)=2.6073350710e+000; w1(6,4)=-7.7346694187e-001; 
w10(7,1)=-5.2434161318e-001; w1(7,1)=5.1097998236e-001; w1(7,2)=-2.3318943681e-001; w1(7,3)=-5.4385457903e-001; w1(7,4)=1.3250254875e-001; 
w20=-6.5103499848e-001; w2(1)=1.4143968104e-001; w2(2)=1.3368127691e+000; w2(3)=-7.2745804712e-001; w2(4)=1.5072634154e-001; w2(5)=-2.7707796777e-002; w2(6)=-1.0628100434e-001; w2(7)=-3.9251184014e-001; 

