
%liczba neuronów ukrytych: 5, liczba wejœæ sieci: 4
%wejœcie 1: u(k-3)
%wejœcie 2: u(k-4)
%wejœcie 3: y(k-1)
%wejœcie 4: y(k-2)
%uczenie w trybie ARX
w10(1,1)=2.4194636542e-001; w1(1,1)=4.8710421126e-002; w1(1,2)=-4.9608664743e-001; w1(1,3)=1.0004001766e+000; w1(1,4)=-7.8427254239e-001; 
w10(2,1)=2.8937168205e-001; w1(2,1)=-1.3685326223e-001; w1(2,2)=4.8092281825e-001; w1(2,3)=-1.7652824783e+000; w1(2,4)=2.1364465888e+000; 
w10(3,1)=1.1100518216e+000; w1(3,1)=-4.8243787407e-001; w1(3,2)=1.5221902137e-001; w1(3,3)=-7.2038790748e-001; w1(3,4)=-2.6110392844e-001; 
w10(4,1)=-2.4319337484e+000; w1(4,1)=8.5742852010e-002; w1(4,2)=-2.2078807874e+000; w1(4,3)=-1.6253417953e+000; w1(4,4)=2.5356516023e-001; 
w10(5,1)=9.0142825724e-001; w1(5,1)=9.9270467202e-002; w1(5,2)=-8.0799995521e-001; w1(5,3)=2.4787470348e-001; w1(5,4)=-6.3366723883e-001; 
w20=-8.6442587302e-003; w2(1)=2.0498249841e+000; w2(2)=6.2776928364e-001; w2(3)=-1.2769311233e-001; w2(4)=-2.7677466425e-001; w2(5)=-1.1478180188e+000; 

