
%liczba neuronów ukrytych: 9, liczba wejœæ sieci: 4
%wejœcie 1: u(k-3)
%wejœcie 2: u(k-4)
%wejœcie 3: y(k-1)
%wejœcie 4: y(k-2)
%uczenie w trybie OE
w10(1,1)=-2.1570416642e-001; w1(1,1)=-2.6975755466e-001; w1(1,2)=-1.8533162106e-001; w1(1,3)=4.0742203675e-001; w1(1,4)=-1.9323756215e-001; 
w10(2,1)=2.3761832955e-001; w1(2,1)=-3.5090683745e-001; w1(2,2)=5.4236877786e-001; w1(2,3)=8.0677260052e-001; w1(2,4)=-1.3033160751e+000; 
w10(3,1)=-4.0546060339e-001; w1(3,1)=5.2632663891e-001; w1(3,2)=3.5989332375e-001; w1(3,3)=1.6273385595e+000; w1(3,4)=-1.0578406931e+000; 
w10(4,1)=-5.1432535630e-002; w1(4,1)=5.4248996656e-001; w1(4,2)=-1.0627472961e-001; w1(4,3)=-1.7360433465e+000; w1(4,4)=1.5398472300e+000; 
w10(5,1)=1.2767717278e-001; w1(5,1)=-2.8931035228e-001; w1(5,2)=-1.1048474523e+000; w1(5,3)=-2.2285161957e+000; w1(5,4)=1.6835397601e+000; 
w10(6,1)=1.0533870298e-001; w1(6,1)=3.7713271437e-001; w1(6,2)=4.3344820980e-001; w1(6,3)=1.1560542909e+000; w1(6,4)=-8.8929072966e-001; 
w10(7,1)=-1.2207107373e+000; w1(7,1)=-2.9123496837e-001; w1(7,2)=1.2060654661e-001; w1(7,3)=-4.3530657292e-002; w1(7,4)=-7.1680976014e-001; 
w10(8,1)=6.6151962044e-001; w1(8,1)=2.6184749186e-002; w1(8,2)=-2.7327291755e-001; w1(8,3)=-7.1716185976e-001; w1(8,4)=1.0346845008e-001; 
w10(9,1)=4.0897837096e-001; w1(9,1)=-2.7206969457e-001; w1(9,2)=1.1463575183e+000; w1(9,3)=6.0171561898e-001; w1(9,4)=-1.1747465100e+000; 
w20=-9.9062816370e-002; w2(1)=7.4912287032e-002; w2(2)=-8.3303999878e-001; w2(3)=3.9772635975e-001; w2(4)=-8.4204010714e-001; w2(5)=2.4129009999e-001; w2(6)=2.6194782861e-001; w2(7)=-6.7241450640e-001; w2(8)=-4.8154343900e-001; w2(9)=1.9472812129e-001; 

