
%liczba neuronów ukrytych: 10, liczba wejœæ sieci: 4
%wejœcie 1: u(k-3)
%wejœcie 2: u(k-4)
%wejœcie 3: y(k-1)
%wejœcie 4: y(k-2)
%uczenie w trybie ARX
w10(1,1)=-1.4278551504e+000; w1(1,1)=-6.1038390022e-002; w1(1,2)=-3.9503991955e-001; w1(1,3)=-6.1943305037e-001; w1(1,4)=-3.7642601856e-002; 
w10(2,1)=5.4177867512e-002; w1(2,1)=-3.4711326869e-001; w1(2,2)=-5.1050534199e-001; w1(2,3)=-5.6677355947e-001; w1(2,4)=-6.2889940734e-002; 
w10(3,1)=2.4042151186e-001; w1(3,1)=-2.1234569654e-002; w1(3,2)=2.1642219276e-001; w1(3,3)=-5.1038523749e-001; w1(3,4)=-3.5378655447e-001; 
w10(4,1)=2.9778935405e-001; w1(4,1)=2.3288430715e-001; w1(4,2)=-4.9330290354e-002; w1(4,3)=-2.8002544998e-001; w1(4,4)=-2.7527000392e-001; 
w10(5,1)=7.1764362053e-001; w1(5,1)=-3.2134312881e-001; w1(5,2)=-5.9925468181e-001; w1(5,3)=-2.4616635275e-001; w1(5,4)=-4.3877431604e-001; 
w10(6,1)=6.6566272579e-001; w1(6,1)=2.3087777476e-001; w1(6,2)=4.6742182933e-003; w1(6,3)=-2.1139270306e-001; w1(6,4)=1.0762746073e+000; 
w10(7,1)=3.7382299213e-001; w1(7,1)=4.6637599619e-002; w1(7,2)=-2.6850696593e-002; w1(7,3)=5.1979142627e-002; w1(7,4)=-9.7701127772e-003; 
w10(8,1)=-5.6325912024e-001; w1(8,1)=2.3276189241e-001; w1(8,2)=4.7374054684e-001; w1(8,3)=-9.8919314257e-001; w1(8,4)=4.0760389061e-001; 
w10(9,1)=-2.4353240534e-001; w1(9,1)=3.6243243854e-001; w1(9,2)=7.3580715047e-001; w1(9,3)=8.3997169682e-001; w1(9,4)=-4.6915619784e-001; 
w10(10,1)=-3.1666863287e-001; w1(10,1)=1.3419952797e-001; w1(10,2)=8.9764871939e-002; w1(10,3)=1.2791751909e-001; w1(10,4)=-8.0432343741e-001; 
w20=-7.0224651490e-001; w2(1)=-1.1550837696e+000; w2(2)=1.1430484825e-001; w2(3)=-4.6416018289e-001; w2(4)=-4.9106932452e-001; w2(5)=-1.0073280018e+000; w2(6)=6.5147456181e-001; w2(7)=-3.6138980788e-002; w2(8)=-8.0565089316e-001; w2(9)=-5.9426052767e-001; w2(10)=1.2405983066e+000; 

