
%liczba neuronów ukrytych: 8, liczba wejœæ sieci: 4
%wejœcie 1: u(k-3)
%wejœcie 2: u(k-4)
%wejœcie 3: y(k-1)
%wejœcie 4: y(k-2)
%uczenie w trybie OE
w10(1,1)=1.0624951630e+000; w1(1,1)=-1.7647313268e-001; w1(1,2)=1.4958916496e-001; w1(1,3)=7.6931486829e-001; w1(1,4)=-1.8250312426e-001; 
w10(2,1)=-4.6476954444e-001; w1(2,1)=-1.7187026488e-001; w1(2,2)=1.1985813665e-001; w1(2,3)=9.0566191009e-001; w1(2,4)=-3.4944397442e-001; 
w10(3,1)=-4.5918783279e-001; w1(3,1)=-1.4574086437e-001; w1(3,2)=1.2648388639e+000; w1(3,3)=1.2352853505e+000; w1(3,4)=-1.5687577962e+000; 
w10(4,1)=-5.8990983847e-001; w1(4,1)=-8.9122019911e-001; w1(4,2)=9.8880226479e-001; w1(4,3)=5.6824986942e-001; w1(4,4)=-8.7501411566e-001; 
w10(5,1)=1.3160097833e-001; w1(5,1)=-1.1527847568e+000; w1(5,2)=-5.0496191809e-001; w1(5,3)=-4.8912313415e-001; w1(5,4)=1.6789411526e-001; 
w10(6,1)=2.3660800196e-001; w1(6,1)=-1.2304256972e-001; w1(6,2)=1.3913340595e+000; w1(6,3)=6.8406824944e-001; w1(6,4)=-1.0754735687e+000; 
w10(7,1)=-4.3832358847e-001; w1(7,1)=6.7509292901e-001; w1(7,2)=-2.2120231548e-001; w1(7,3)=-1.1480770576e-001; w1(7,4)=3.7156648790e-001; 
w10(8,1)=-3.3422087837e-001; w1(8,1)=-1.4810894299e-001; w1(8,2)=8.6859105176e-001; w1(8,3)=-6.0561907919e-001; w1(8,4)=1.9770782860e-001; 
w20=-2.3624081294e-001; w2(1)=1.0007276131e+000; w2(2)=1.2205153612e+000; w2(3)=1.8139491506e-001; w2(4)=-1.0617327116e-001; w2(5)=1.0108299777e-001; w2(6)=9.9726755880e-002; w2(7)=4.7694417807e-001; w2(8)=-4.9948012823e-001; 

