
%liczba neuronów ukrytych: 5, liczba wejœæ sieci: 4
%wejœcie 1: u(k-3)
%wejœcie 2: u(k-4)
%wejœcie 3: y(k-1)
%wejœcie 4: y(k-2)
%uczenie w trybie OE
w10(1,1)=7.1028816320e-002; w1(1,1)=8.5128864106e-002; w1(1,2)=2.0038031318e-001; w1(1,3)=6.4664837779e-002; w1(1,4)=1.5998765883e-002; 
w10(2,1)=2.1957533804e-002; w1(2,1)=-1.5510819317e-001; w1(2,2)=-7.2092707569e-002; w1(2,3)=-8.6879593761e-002; w1(2,4)=-4.3897725463e-001; 
w10(3,1)=-6.2950222720e-003; w1(3,1)=8.9277408479e-002; w1(3,2)=-1.0253911020e-001; w1(3,3)=1.4300528619e-001; w1(3,4)=3.1945069071e-001; 
w10(4,1)=5.8197048860e-001; w1(4,1)=-1.2763376585e-001; w1(4,2)=-3.0456174895e-001; w1(4,3)=1.6502135220e-001; w1(4,4)=3.2278247206e-001; 
w10(5,1)=1.3997722965e-002; w1(5,1)=-2.0653647623e-001; w1(5,2)=-3.6662573883e-001; w1(5,3)=-3.8826299301e-003; w1(5,4)=2.9741099385e-001; 
w20=-3.8547941794e-001; w2(1)=7.7737411598e-002; w2(2)=-5.5186513442e-001; w2(3)=5.1027755176e-001; w2(4)=7.7173443397e-001; w2(5)=2.8232514349e-001; 

