
%liczba neuronów ukrytych: 4, liczba wejœæ sieci: 4
%wejœcie 1: u(k-3)
%wejœcie 2: u(k-4)
%wejœcie 3: y(k-1)
%wejœcie 4: y(k-2)
%uczenie w trybie OE
w10(1,1)=-1.2341640195e-001; w1(1,1)=-1.7737567912e-002; w1(1,2)=3.3753027496e-001; w1(1,3)=-1.2749423865e+000; w1(1,4)=1.1303950175e+000; 
w10(2,1)=-6.5975936373e-001; w1(2,1)=7.8631879623e-002; w1(2,2)=-3.7107165902e-001; w1(2,3)=4.6848080752e-001; w1(2,4)=-9.2558115448e-001; 
w10(3,1)=1.0359514947e+000; w1(3,1)=7.3944188825e-001; w1(3,2)=2.0961674181e+000; w1(3,3)=5.0815352238e-001; w1(3,4)=1.8440152817e+000; 
w10(4,1)=-9.9338542779e-001; w1(4,1)=4.2114948262e-002; w1(4,2)=2.0919146677e-001; w1(4,3)=-3.0170305529e-001; w1(4,4)=6.3683406623e-001; 
w20=1.0847513876e+000; w2(1)=-1.8238234184e+000; w2(2)=-1.1382183557e+000; w2(3)=-8.6167722327e-003; w2(4)=2.5828682683e+000; 

