
%liczba neuronów ukrytych: 2, liczba wejœæ sieci: 4
%wejœcie 1: u(k-3)
%wejœcie 2: u(k-4)
%wejœcie 3: y(k-1)
%wejœcie 4: y(k-2)
%uczenie w trybie OE
w10(1,1)=-5.5279089233e-003; w1(1,1)=6.9335736243e-004; w1(1,2)=-3.3458841850e-001; w1(1,3)=1.4287423401e-001; w1(1,4)=4.7123323418e-001; 
w10(2,1)=6.2179431071e-001; w1(2,1)=-1.1195268286e-002; w1(2,2)=-2.0079952567e-001; w1(2,3)=1.3529126043e-001; w1(2,4)=5.2301363247e-001; 
w20=-5.5576316155e-001; w2(1)=5.5115246779e-001; w2(2)=1.0560732971e+000; 

