
%liczba neuronów ukrytych: 10, liczba wejœæ sieci: 4
%wejœcie 1: u(k-3)
%wejœcie 2: u(k-4)
%wejœcie 3: y(k-1)
%wejœcie 4: y(k-2)
%uczenie w trybie OE
w10(1,1)=7.0663407875e-002; w1(1,1)=-2.2360126699e-002; w1(1,2)=1.7055456973e-001; w1(1,3)=1.7077529745e-002; w1(1,4)=-1.5895488920e-001; 
w10(2,1)=-3.7395790435e-002; w1(2,1)=-1.8842356393e-002; w1(2,2)=-1.8340102896e-002; w1(2,3)=8.8313779149e-002; w1(2,4)=1.9623309294e-001; 
w10(3,1)=-2.5636412461e-002; w1(3,1)=-7.6767285008e-002; w1(3,2)=-7.4880424033e-003; w1(3,3)=-2.7729411466e-003; w1(3,4)=-1.5167343746e-002; 
w10(4,1)=3.5365777867e-001; w1(4,1)=-3.6877790825e-003; w1(4,2)=-1.2814587829e-001; w1(4,3)=1.7098220849e-001; w1(4,4)=3.3881720307e-001; 
w10(5,1)=3.5891353665e-002; w1(5,1)=-1.0481898681e-002; w1(5,2)=-2.6949361284e-002; w1(5,3)=2.9803658133e-002; w1(5,4)=-8.5331049009e-002; 
w10(6,1)=-2.1554369831e-002; w1(6,1)=-1.8635104223e-002; w1(6,2)=8.0279454521e-002; w1(6,3)=-9.7432102506e-002; w1(6,4)=-2.0149308595e-001; 
w10(7,1)=3.2021573225e-001; w1(7,1)=-3.1220004633e-002; w1(7,2)=-1.2368859765e-001; w1(7,3)=1.4566843068e-001; w1(7,4)=3.3756549768e-001; 
w10(8,1)=-3.0126021717e-002; w1(8,1)=-8.3614247165e-002; w1(8,2)=-9.5734394229e-002; w1(8,3)=-6.8012224518e-002; w1(8,4)=-1.8683826413e-001; 
w10(9,1)=3.7430386078e-001; w1(9,1)=-2.7945609017e-001; w1(9,2)=-3.7983543193e-001; w1(9,3)=1.2388272631e-001; w1(9,4)=2.2131986653e-001; 
w10(10,1)=-1.3168769742e-003; w1(10,1)=1.5821542770e-001; w1(10,2)=2.9154641101e-002; w1(10,3)=9.2836103381e-002; w1(10,4)=1.9509867687e-001; 
w20=-4.4772925684e-001; w2(1)=-9.1001065400e-002; w2(2)=2.1772241578e-001; w2(3)=-4.0268139174e-002; w2(4)=5.3941205315e-001; w2(5)=-4.1932022494e-002; w2(6)=-2.7769428188e-001; w2(7)=4.9838286048e-001; w2(8)=-2.0961867501e-001; w2(9)=3.5569383122e-001; w2(10)=3.0551701415e-001; 

