
%liczba neuronów ukrytych: 7, liczba wejœæ sieci: 4
%wejœcie 1: u(k-3)
%wejœcie 2: u(k-4)
%wejœcie 3: y(k-1)
%wejœcie 4: y(k-2)
%uczenie w trybie OE
w10(1,1)=2.1158659371e-001; w1(1,1)=8.3780098968e-002; w1(1,2)=-2.0374556066e-001; w1(1,3)=1.7166117989e+000; w1(1,4)=-1.3502783957e+000; 
w10(2,1)=2.9920080498e-001; w1(2,1)=-3.0554811113e+000; w1(2,2)=-1.0878399676e+000; w1(2,3)=-9.4310034952e-002; w1(2,4)=-9.3653291805e-001; 
w10(3,1)=-5.0504791422e-001; w1(3,1)=2.4579614362e-001; w1(3,2)=-3.0258040172e-001; w1(3,3)=2.7839191400e-001; w1(3,4)=-6.6070282011e-001; 
w10(4,1)=-1.9755185838e-001; w1(4,1)=1.6080728194e-001; w1(4,2)=-1.0378505553e-003; w1(4,3)=-8.1722483317e-001; w1(4,4)=1.1831506032e+000; 
w10(5,1)=1.1179633771e-001; w1(5,1)=9.0818603242e-001; w1(5,2)=5.0798737567e-001; w1(5,3)=4.1196186721e-001; w1(5,4)=1.7937450789e+000; 
w10(6,1)=1.1671834300e+000; w1(6,1)=1.6609123667e-001; w1(6,2)=1.3374979578e-001; w1(6,3)=1.2191370060e+000; w1(6,4)=4.4759594927e-001; 
w10(7,1)=1.0249585375e-001; w1(7,1)=-1.3156657349e+000; w1(7,2)=-1.4718786438e+000; w1(7,3)=-6.9580078197e-001; w1(7,4)=-2.6651772539e-002; 
w20=-4.8077406921e-001; w2(1)=1.4203318480e+000; w2(2)=-8.1502522476e-003; w2(3)=-8.6283632538e-001; w2(4)=8.6810568869e-001; w2(5)=-2.6521889675e-002; w2(6)=-5.7039514711e-002; w2(7)=4.8433262328e-002; 

