
%liczba neuronów ukrytych: 8, liczba wejœæ sieci: 4
%wejœcie 1: u(k-3)
%wejœcie 2: u(k-4)
%wejœcie 3: y(k-1)
%wejœcie 4: y(k-2)
%uczenie w trybie OE
w10(1,1)=-1.4248330361e-001; w1(1,1)=1.5158948129e-001; w1(1,2)=-2.2036420266e-001; w1(1,3)=-6.3409935361e-001; w1(1,4)=1.6277604169e-001; 
w10(2,1)=1.3725084466e+000; w1(2,1)=-2.2209877608e-001; w1(2,2)=-4.2445897140e-001; w1(2,3)=6.9342387871e-001; w1(2,4)=4.3267195422e-001; 
w10(3,1)=-3.2655023016e-001; w1(3,1)=-1.1131607383e-001; w1(3,2)=1.1641942727e-001; w1(3,3)=-1.8619033766e-001; w1(3,4)=-8.8376460791e-001; 
w10(4,1)=4.9204793939e-001; w1(4,1)=-5.2894464713e-001; w1(4,2)=-2.4201811657e-001; w1(4,3)=-4.4281257601e-001; w1(4,4)=1.0439839272e-001; 
w10(5,1)=1.6947796067e-001; w1(5,1)=2.2263508673e-001; w1(5,2)=-2.3912523224e-001; w1(5,3)=1.8616625810e-001; w1(5,4)=2.4212953909e-001; 
w10(6,1)=1.0880539945e-001; w1(6,1)=-7.2046483115e-001; w1(6,2)=-6.8491622276e-001; w1(6,3)=-1.0120992386e-001; w1(6,4)=5.6180378667e-002; 
w10(7,1)=-3.5714679832e-001; w1(7,1)=1.8072969272e-001; w1(7,2)=2.1841899968e-001; w1(7,3)=-8.4234634466e-001; w1(7,4)=3.8862837509e-001; 
w10(8,1)=6.6158877728e-002; w1(8,1)=-3.5457247842e-001; w1(8,2)=-6.4914202177e-001; w1(8,3)=-5.3195455484e-001; w1(8,4)=9.0698273496e-001; 
w20=-3.5450434435e-001; w2(1)=-1.0161175847e+000; w2(2)=-1.0682916582e-001; w2(3)=2.6972087946e-001; w2(4)=-1.8368279052e-001; w2(5)=1.3017748358e+000; w2(6)=1.9944084242e-001; w2(7)=-7.3212490688e-001; w2(8)=-2.5843083730e-001; 

