
%liczba neuronów ukrytych: 5, liczba wejœæ sieci: 4
%wejœcie 1: u(k-3)
%wejœcie 2: u(k-4)
%wejœcie 3: y(k-1)
%wejœcie 4: y(k-2)
%uczenie w trybie ARX
w10(1,1)=-6.4777036583e-001; w1(1,1)=-1.1997689702e-002; w1(1,2)=4.1086022461e-001; w1(1,3)=1.6324665818e-001; w1(1,4)=5.2353003697e-001; 
w10(2,1)=3.7947934677e-001; w1(2,1)=1.5095781401e-001; w1(2,2)=9.5353150651e-001; w1(2,3)=1.6315763025e+000; w1(2,4)=-9.7872680055e-001; 
w10(3,1)=7.4250179851e-002; w1(3,1)=-6.3844581211e-002; w1(3,2)=-6.5195121619e-001; w1(3,3)=9.0873776170e-001; w1(3,4)=-6.2816156668e-001; 
w10(4,1)=-2.3210151983e-001; w1(4,1)=-2.1750415888e-001; w1(4,2)=-5.6746716384e-001; w1(4,3)=6.1059781507e-002; w1(4,4)=2.3088871218e-001; 
w10(5,1)=-8.2014720639e-001; w1(5,1)=-1.3993946409e-002; w1(5,2)=-4.1689938824e-001; w1(5,3)=-5.0016340237e-001; w1(5,4)=-8.9324811648e-002; 
w20=-4.8495167562e-001; w2(1)=1.1285638337e+000; w2(2)=-5.4722333685e-001; w2(3)=1.2539968435e+000; w2(4)=-6.4800609274e-001; w2(5)=-1.6115875116e+000; 

