
%liczba neuronów ukrytych: 6, liczba wejœæ sieci: 4
%wejœcie 1: u(k-3)
%wejœcie 2: u(k-4)
%wejœcie 3: y(k-1)
%wejœcie 4: y(k-2)
%uczenie w trybie ARX
w10(1,1)=-1.1312631165e+000; w1(1,1)=2.7028320206e-001; w1(1,2)=5.1207110319e-001; w1(1,3)=2.9739064715e-001; w1(1,4)=6.4054027494e-002; 
w10(2,1)=-1.4375289663e+000; w1(2,1)=2.4474122657e-001; w1(2,2)=3.5164289252e-001; w1(2,3)=-2.7952417216e-002; w1(2,4)=-5.5855538858e-001; 
w10(3,1)=8.5201109642e-001; w1(3,1)=4.8515373468e-001; w1(3,2)=4.5471551891e-001; w1(3,3)=-1.2077149021e+000; w1(3,4)=-1.8329004870e+000; 
w10(4,1)=-1.9764567600e+000; w1(4,1)=-2.3957863369e-001; w1(4,2)=-6.6913371663e-001; w1(4,3)=-8.4353795800e-001; w1(4,4)=3.1274783917e-001; 
w10(5,1)=6.4284101281e-001; w1(5,1)=1.3551208357e-001; w1(5,2)=2.0765872123e-001; w1(5,3)=-9.0094635769e-002; w1(5,4)=-4.7119881270e-001; 
w10(6,1)=-4.2325816118e-001; w1(6,1)=7.1426473887e-002; w1(6,2)=9.1992341508e-001; w1(6,3)=-1.2880577383e+000; w1(6,4)=7.2289035129e-001; 
w20=-8.7881601945e-001; w2(1)=1.2907037836e+000; w2(2)=-7.7946758926e-001; w2(3)=-4.9811433050e-003; w2(4)=-1.6285895400e+000; w2(5)=-9.2064288087e-001; w2(6)=-4.7640999156e-001; 

