
%liczba neuronów ukrytych: 2, liczba wejœæ sieci: 4
%wejœcie 1: u(k-3)
%wejœcie 2: u(k-4)
%wejœcie 3: y(k-1)
%wejœcie 4: y(k-2)
%uczenie w trybie OE
w10(1,1)=3.4137816169e-001; w1(1,1)=3.5729674100e+000; w1(1,2)=6.5235849500e+000; w1(1,3)=2.3340930212e+001; w1(1,4)=-2.0088812967e+001; 
w10(2,1)=2.9387287614e-001; w1(2,1)=5.0702992618e-002; w1(2,2)=-6.5854109333e-002; w1(2,3)=5.1286380896e-001; w1(2,4)=-1.1087374900e-001; 
w20=-6.9085161495e-001; w2(1)=-6.1206247269e-002; w2(2)=2.4846624952e+000; 

