
%liczba neuronów ukrytych: 5, liczba wejœæ sieci: 4
%wejœcie 1: u(k-3)
%wejœcie 2: u(k-4)
%wejœcie 3: y(k-1)
%wejœcie 4: y(k-2)
%uczenie w trybie ARX
w10(1,1)=-1.5126719601e+000; w1(1,1)=-7.4159668313e-003; w1(1,2)=1.6832562102e-001; w1(1,3)=-6.0882433667e-001; w1(1,4)=1.7011102711e+000; 
w10(2,1)=5.9147634871e-001; w1(2,1)=6.4523995313e-002; w1(2,2)=-2.6247964928e-002; w1(2,3)=-1.5159108534e+000; w1(2,4)=-1.3966320178e+000; 
w10(3,1)=-5.8148724640e-001; w1(3,1)=2.4257652769e-003; w1(3,2)=-9.4231240543e-002; w1(3,3)=-6.4242828238e-001; w1(3,4)=-6.4671131392e-001; 
w10(4,1)=-1.9356785101e-001; w1(4,1)=1.2364721781e-002; w1(4,2)=4.5861502708e-001; w1(4,3)=-2.8251207930e+000; w1(4,4)=2.3966485089e+000; 
w10(5,1)=-2.0149748964e+000; w1(5,1)=1.0955551992e-001; w1(5,2)=-6.2507539854e-002; w1(5,3)=-1.8425080072e-001; w1(5,4)=-1.0764089499e+000; 
w20=2.8255366365e-001; w2(1)=1.1631608459e+000; w2(2)=-5.3055843746e-002; w2(3)=-4.2631568111e-001; w2(4)=-4.1430817576e-001; w2(5)=-5.1581074182e-001; 

