
%liczba neuronów ukrytych: 7, liczba wejœæ sieci: 4
%wejœcie 1: u(k-3)
%wejœcie 2: u(k-4)
%wejœcie 3: y(k-1)
%wejœcie 4: y(k-2)
%uczenie w trybie ARX
w10(1,1)=-7.9504090096e-001; w1(1,1)=-6.4097663472e-002; w1(1,2)=4.0791156410e-001; w1(1,3)=-8.0369177917e-002; w1(1,4)=4.5584122227e-001; 
w10(2,1)=-7.7270814744e-001; w1(2,1)=-3.2323230676e-001; w1(2,2)=7.0159225001e-002; w1(2,3)=3.2689886714e-001; w1(2,4)=6.5794856957e-001; 
w10(3,1)=-5.6386579525e-002; w1(3,1)=2.8474076930e-001; w1(3,2)=-2.5461647619e-001; w1(3,3)=-1.6057498445e-001; w1(3,4)=6.6319305441e-001; 
w10(4,1)=3.4763297246e-001; w1(4,1)=-1.4851335532e-001; w1(4,2)=-8.0566566118e-001; w1(4,3)=5.5438730648e-001; w1(4,4)=-2.0004966698e-001; 
w10(5,1)=-8.9039636723e-001; w1(5,1)=6.1387437607e-002; w1(5,2)=-2.3460266555e-001; w1(5,3)=-3.7977466493e-001; w1(5,4)=-2.0860165824e-001; 
w10(6,1)=1.1364580587e-001; w1(6,1)=1.7583226177e-001; w1(6,2)=2.7276691056e-001; w1(6,3)=6.6494722039e-001; w1(6,4)=-8.4878187347e-001; 
w10(7,1)=3.3678299804e-001; w1(7,1)=1.8728363189e-001; w1(7,2)=1.0664632669e+000; w1(7,3)=1.6288708672e+000; w1(7,4)=-8.7515291904e-001; 
w20=-2.5957446304e-001; w2(1)=1.0725449743e+000; w2(2)=4.3557089548e-001; w2(3)=4.7440884316e-001; w2(4)=7.2288912249e-001; w2(5)=-1.4611981360e+000; w2(6)=1.1322157067e+000; w2(7)=-4.0173140173e-001; 

