
%liczba neuronów ukrytych: 6, liczba wejœæ sieci: 4
%wejœcie 1: u(k-3)
%wejœcie 2: u(k-4)
%wejœcie 3: y(k-1)
%wejœcie 4: y(k-2)
%uczenie w trybie OE
w10(1,1)=-2.5730760748e-001; w1(1,1)=-1.5553649987e-002; w1(1,2)=-7.8596359775e-002; w1(1,3)=3.4486071180e-001; w1(1,4)=-6.6694101672e-001; 
w10(2,1)=1.2809350207e+000; w1(2,1)=-2.2619876447e-001; w1(2,2)=6.0149788105e-001; w1(2,3)=2.4002155342e-001; w1(2,4)=5.4801726007e-001; 
w10(3,1)=-9.4662711647e-001; w1(3,1)=-2.5447640273e-001; w1(3,2)=6.4060681076e-001; w1(3,3)=6.7371411102e-002; w1(3,4)=5.2261635397e-001; 
w10(4,1)=1.3236777452e-001; w1(4,1)=7.3622185024e-002; w1(4,2)=-4.8828181745e-001; w1(4,3)=1.5877605486e+000; w1(4,4)=-1.4210708223e+000; 
w10(5,1)=-6.6342374037e-002; w1(5,1)=-1.2157299355e+000; w1(5,2)=9.2440769637e-001; w1(5,3)=-5.5951586042e-001; w1(5,4)=-3.6021558518e-001; 
w10(6,1)=9.3495371099e-002; w1(6,1)=-1.8368828203e+000; w1(6,2)=-8.0820942116e-001; w1(6,3)=2.4025116923e-001; w1(6,4)=1.5060259526e+000; 
w20=-8.0638256373e-002; w2(1)=-9.9756281617e-001; w2(2)=4.7125779465e-001; w2(3)=9.8733127937e-001; w2(4)=1.1152596184e+000; w2(5)=-1.2794030993e-001; w2(6)=-3.4480744410e-003; 

