
%liczba neuronów ukrytych: 8, liczba wejœæ sieci: 4
%wejœcie 1: u(k-3)
%wejœcie 2: u(k-4)
%wejœcie 3: y(k-1)
%wejœcie 4: y(k-2)
%uczenie w trybie OE
w10(1,1)=-2.3545180702e-002; w1(1,1)=-8.4907505359e-002; w1(1,2)=4.2505569315e-003; w1(1,3)=-1.9969501821e-002; w1(1,4)=4.6740682996e-003; 
w10(2,1)=-1.2402631083e-001; w1(2,1)=-9.7841508680e-002; w1(2,2)=-2.4643509407e-001; w1(2,3)=7.3014583020e-002; w1(2,4)=-1.3749493432e-002; 
w10(3,1)=-9.4812579042e-003; w1(3,1)=-1.3534031208e-001; w1(3,2)=5.4034173889e-002; w1(3,3)=-1.6936078914e-001; w1(3,4)=-1.4371682271e-001; 
w10(4,1)=-1.7325276481e-002; w1(4,1)=-9.2162524788e-002; w1(4,2)=3.4354439150e-002; w1(4,3)=-2.3235603229e-001; w1(4,4)=-2.8470665700e-001; 
w10(5,1)=1.0911349635e-001; w1(5,1)=1.7676278049e-001; w1(5,2)=1.5404524656e-001; w1(5,3)=4.9540830334e-002; w1(5,4)=1.5909380613e-002; 
w10(6,1)=-5.5656386022e-001; w1(6,1)=1.0282988759e-001; w1(6,2)=2.3450861679e-001; w1(6,3)=-1.3426925260e-001; w1(6,4)=-3.7813066795e-001; 
w10(7,1)=-1.5984377522e-001; w1(7,1)=1.5611690601e-001; w1(7,2)=1.0933226257e-001; w1(7,3)=-1.3999401724e-001; w1(7,4)=-3.7218332458e-001; 
w10(8,1)=-2.6924882407e-002; w1(8,1)=-9.2382733450e-002; w1(8,2)=-4.4780510716e-003; w1(8,3)=-2.3355305354e-002; w1(8,4)=-1.0571502748e-001; 
w20=-4.6867142222e-001; w2(1)=2.8340647659e-002; w2(2)=3.1970475622e-002; w2(3)=-2.4208545802e-001; w2(4)=-4.5747938491e-001; w2(5)=1.7695349321e-002; w2(6)=-7.8660756983e-001; w2(7)=-4.8043297803e-001; w2(8)=-1.5184022180e-001; 

