
%liczba neuronów ukrytych: 6, liczba wejœæ sieci: 4
%wejœcie 1: u(k-3)
%wejœcie 2: u(k-4)
%wejœcie 3: y(k-1)
%wejœcie 4: y(k-2)
%uczenie w trybie ARX
w10(1,1)=9.6949705962e-001; w1(1,1)=-2.7212441337e-001; w1(1,2)=-7.5438223944e-001; w1(1,3)=-8.4460418739e-001; w1(1,4)=3.7352266378e-001; 
w10(2,1)=-1.2099804738e+000; w1(2,1)=1.8910441565e-001; w1(2,2)=3.2550515804e-001; w1(2,3)=3.6659750337e-001; w1(2,4)=-7.2230003521e-001; 
w10(3,1)=-1.5554259827e+000; w1(3,1)=-2.3176088704e-001; w1(3,2)=-8.0443692570e-001; w1(3,3)=-1.4365192830e+000; w1(3,4)=7.4056090248e-001; 
w10(4,1)=5.0431540878e-001; w1(4,1)=-3.1202966273e-001; w1(4,2)=-1.0240969374e+000; w1(4,3)=6.7010815044e-001; w1(4,4)=-3.0796491910e-001; 
w10(5,1)=1.3886620951e-001; w1(5,1)=1.0734901839e-001; w1(5,2)=-5.8047000218e-001; w1(5,3)=9.8129535194e-001; w1(5,4)=-4.7064800308e-001; 
w10(6,1)=7.9175966346e-001; w1(6,1)=2.0611783227e-001; w1(6,2)=2.0705289306e-001; w1(6,3)=6.8591506820e-001; w1(6,4)=-1.3728047920e+000; 
w20=-7.6616198396e-001; w2(1)=-8.8748635029e-001; w2(2)=-1.0880407594e+000; w2(3)=-7.4123293091e-001; w2(4)=2.6486256047e-001; w2(5)=4.7158809500e-001; w2(6)=-5.2034732665e-001; 

