
%liczba neuronów ukrytych: 5, liczba wejœæ sieci: 4
%wejœcie 1: u(k-3)
%wejœcie 2: u(k-4)
%wejœcie 3: y(k-1)
%wejœcie 4: y(k-2)
%uczenie w trybie ARX
w10(1,1)=3.5016309981e-001; w1(1,1)=4.5013865242e-003; w1(1,2)=-3.9064974658e-001; w1(1,3)=1.5206864023e+000; w1(1,4)=-1.1605562401e+000; 
w10(2,1)=-4.0091946438e-001; w1(2,1)=1.7497227839e-001; w1(2,2)=7.1425020202e-001; w1(2,3)=-6.4486593547e-001; w1(2,4)=1.2131896605e+000; 
w10(3,1)=3.1771603823e-002; w1(3,1)=-2.6377680633e-001; w1(3,2)=-1.0535672037e+000; w1(3,3)=-9.0582266508e-001; w1(3,4)=2.5762797492e-001; 
w10(4,1)=-9.9529010120e-001; w1(4,1)=3.9437757786e-002; w1(4,2)=-6.0332959997e-001; w1(4,3)=4.0733398720e-001; w1(4,4)=-1.0079355095e+000; 
w10(5,1)=-5.7885572181e-001; w1(5,1)=-2.5981247859e-002; w1(5,2)=1.1496773121e-001; w1(5,3)=7.3756390934e-001; w1(5,4)=6.4930194272e-001; 
w20=-7.0842137632e-001; w2(1)=1.3887753739e+000; w2(2)=9.2180948798e-001; w2(3)=5.1331801276e-001; w2(4)=-8.4805483831e-001; w2(5)=1.3015086939e-001; 

