
%liczba neuronów ukrytych: 7, liczba wejœæ sieci: 4
%wejœcie 1: u(k-3)
%wejœcie 2: u(k-4)
%wejœcie 3: y(k-1)
%wejœcie 4: y(k-2)
%uczenie w trybie OE
w10(1,1)=-2.7368267150e-001; w1(1,1)=-2.4285208304e-002; w1(1,2)=2.0710293494e-001; w1(1,3)=-2.1047435073e-001; w1(1,4)=-2.7090011405e-001; 
w10(2,1)=8.3170458421e-002; w1(2,1)=6.4159126344e-004; w1(2,2)=-2.2878989879e-002; w1(2,3)=1.4460294988e-001; w1(2,4)=2.8616155602e-001; 
w10(3,1)=-8.4932520800e-002; w1(3,1)=-3.5324246180e-002; w1(3,2)=-4.0759132718e-002; w1(3,3)=-5.1616508457e-002; w1(3,4)=4.3845168179e-002; 
w10(4,1)=-6.0862109797e-002; w1(4,1)=-3.6810801331e-003; w1(4,2)=8.6491834238e-002; w1(4,3)=-5.7081659274e-002; w1(4,4)=-3.0450454188e-001; 
w10(5,1)=-6.2847257289e-002; w1(5,1)=-5.1836886276e-002; w1(5,2)=-1.5066352853e-002; w1(5,3)=-1.0539273862e-001; w1(5,4)=-2.9530326505e-001; 
w10(6,1)=5.4623499296e-001; w1(6,1)=-1.5474473357e-001; w1(6,2)=-3.0039583066e-001; w1(6,3)=1.6024719550e-001; w1(6,4)=3.5175216001e-001; 
w10(7,1)=2.0076253464e-002; w1(7,1)=4.1157558502e-002; w1(7,2)=-2.7521180218e-002; w1(7,3)=1.1934546685e-001; w1(7,4)=1.6617214897e-001; 
w20=-4.3278021731e-001; w2(1)=-4.1670920097e-001; w2(2)=3.4856815068e-001; w2(3)=1.9426343563e-002; w2(4)=-3.5074360630e-001; w2(5)=-3.3794874979e-001; w2(6)=5.2270272224e-001; w2(7)=2.6402245871e-001; 

