
%liczba neuronów ukrytych: 7, liczba wejœæ sieci: 4
%wejœcie 1: u(k-3)
%wejœcie 2: u(k-4)
%wejœcie 3: y(k-1)
%wejœcie 4: y(k-2)
%uczenie w trybie OE
w10(1,1)=-6.2150834893e-001; w1(1,1)=1.2980351576e-001; w1(1,2)=2.5510524008e-001; w1(1,3)=-8.4477214113e-002; w1(1,4)=-4.0773132785e-001; 
w10(2,1)=5.5540407409e-002; w1(2,1)=4.4721754609e-003; w1(2,2)=-6.8225468143e-002; w1(2,3)=1.6772478248e-001; w1(2,4)=3.9805792185e-001; 
w10(3,1)=8.5439024557e-002; w1(3,1)=-1.8987615524e-001; w1(3,2)=-2.1219474210e-001; w1(3,3)=9.8880912961e-002; w1(3,4)=3.1489039911e-001; 
w10(4,1)=-1.2489479127e-002; w1(4,1)=-1.3057709230e-001; w1(4,2)=1.3682762934e-003; w1(4,3)=-1.7425378297e-001; w1(4,4)=-2.0350011899e-001; 
w10(5,1)=-7.1512104355e-002; w1(5,1)=-1.0786146601e-001; w1(5,2)=-1.8722946636e-001; w1(5,3)=8.5624361087e-002; w1(5,4)=2.6321745167e-002; 
w10(6,1)=-7.3642954054e-002; w1(6,1)=-2.5724647165e-001; w1(6,2)=-1.4786915472e-001; w1(6,3)=-1.3404545619e-001; w1(6,4)=-1.3667652030e-001; 
w10(7,1)=5.1539731039e-002; w1(7,1)=-1.4681673813e-002; w1(7,2)=1.2135518453e-001; w1(7,3)=-5.6304679064e-002; w1(7,4)=-1.2989915365e-001; 
w20=-4.6343611580e-001; w2(1)=-7.4479296322e-001; w2(2)=5.0603180634e-001; w2(3)=3.4537544005e-001; w2(4)=-2.8814855117e-001; w2(5)=3.0421553592e-002; w2(6)=-2.1173280338e-001; w2(7)=-1.4074710863e-001; 

