
%liczba neuronów ukrytych: 4, liczba wejœæ sieci: 4
%wejœcie 1: u(k-3)
%wejœcie 2: u(k-4)
%wejœcie 3: y(k-1)
%wejœcie 4: y(k-2)
%uczenie w trybie ARX
w10(1,1)=-1.3032862883e+000; w1(1,1)=8.6737274547e-002; w1(1,2)=-6.3835274728e-001; w1(1,3)=-2.4234309125e-001; w1(1,4)=-1.4061901538e-001; 
w10(2,1)=1.2656595373e+000; w1(2,1)=-3.0206807700e-001; w1(2,2)=-1.0133379259e+000; w1(2,3)=-4.5855143216e-001; w1(2,4)=-3.8249388523e-001; 
w10(3,1)=1.9224384287e-001; w1(3,1)=-7.8879902551e-002; w1(3,2)=-3.1279508650e-001; w1(3,3)=1.1634255381e+000; w1(3,4)=-9.6536266384e-001; 
w10(4,1)=-3.5334512045e-002; w1(4,1)=1.2603020873e-001; w1(4,2)=1.2189109955e-001; w1(4,3)=-1.5504402453e+000; w1(4,4)=1.7410832929e+000; 
w20=-1.2577040387e+000; w2(1)=-1.4224875732e+000; w2(2)=-4.2908087278e-001; w2(3)=2.3177946472e+000; w2(4)=1.1903325856e+000; 

