
%liczba neuronów ukrytych: 2, liczba wejœæ sieci: 4
%wejœcie 1: u(k-3)
%wejœcie 2: u(k-4)
%wejœcie 3: y(k-1)
%wejœcie 4: y(k-2)
%uczenie w trybie OE
w10(1,1)=-3.4137853931e-001; w1(1,1)=-3.5729533257e+000; w1(1,2)=-6.5235671930e+000; w1(1,3)=-2.3340835018e+001; w1(1,4)=2.0088727374e+001; 
w10(2,1)=2.9387332620e-001; w1(2,1)=5.0703204404e-002; w1(2,2)=-6.5854303243e-002; w1(2,3)=5.1286476627e-001; w1(2,4)=-1.1087374876e-001; 
w20=-6.9085098823e-001; w2(1)=6.1206414523e-002; w2(2)=2.4846571621e+000; 

