
%liczba neuronów ukrytych: 5, liczba wejœæ sieci: 4
%wejœcie 1: u(k-3)
%wejœcie 2: u(k-4)
%wejœcie 3: y(k-1)
%wejœcie 4: y(k-2)
%uczenie w trybie OE
w10(1,1)=1.4079352017e-002; w1(1,1)=1.2390382483e+000; w1(1,2)=6.9383863161e-001; w1(1,3)=4.1291979442e-001; w1(1,4)=1.4160995167e-001; 
w10(2,1)=-5.2652437372e-001; w1(2,1)=-6.0535760466e-001; w1(2,2)=7.8228612822e-001; w1(2,3)=-1.1187691289e-001; w1(2,4)=-7.2303216070e-001; 
w10(3,1)=-2.5122447680e-001; w1(3,1)=-4.7958514989e-001; w1(3,2)=7.6602478021e-001; w1(3,3)=-1.2954619738e-001; w1(3,4)=3.3604048184e-001; 
w10(4,1)=2.7846140790e-001; w1(4,1)=-1.0815719539e-001; w1(4,2)=-8.0417975524e-002; w1(4,3)=1.7478267499e+000; w1(4,4)=-1.3359707098e+000; 
w10(5,1)=2.2452364683e-001; w1(5,1)=4.0327221654e-001; w1(5,2)=-4.3574552099e-001; w1(5,3)=-8.4288289296e-002; w1(5,4)=4.4330263277e-001; 
w20=-3.5434834950e-001; w2(1)=-6.0207474917e-002; w2(2)=2.9814809665e-001; w2(3)=7.8578487032e-001; w2(4)=1.0876759597e+000; w2(5)=1.8023088048e+000; 

