
%liczba neuronów ukrytych: 7, liczba wejœæ sieci: 4
%wejœcie 1: u(k-3)
%wejœcie 2: u(k-4)
%wejœcie 3: y(k-1)
%wejœcie 4: y(k-2)
%uczenie w trybie OE
w10(1,1)=9.2252519647e-001; w1(1,1)=1.2883475412e+000; w1(1,2)=1.3680053320e+000; w1(1,3)=6.9055445136e-002; w1(1,4)=8.7839621719e-001; 
w10(2,1)=1.8886969676e-001; w1(2,1)=-2.6968317030e-001; w1(2,2)=1.0007836225e-001; w1(2,3)=1.1237700912e+000; w1(2,4)=-5.5420440567e-001; 
w10(3,1)=9.2404409815e-001; w1(3,1)=1.4922410509e+000; w1(3,2)=7.3804868902e-001; w1(3,3)=-1.9958290972e-001; w1(3,4)=-2.6380263000e-001; 
w10(4,1)=1.9601207031e+000; w1(4,1)=1.0293656129e+000; w1(4,2)=-8.6274214815e-001; w1(4,3)=5.7628780210e-001; w1(4,4)=6.7571005898e-001; 
w10(5,1)=-3.6837671509e-001; w1(5,1)=-1.3485238180e+000; w1(5,2)=-4.9893762771e-001; w1(5,3)=-5.2767716779e-001; w1(5,4)=4.7551497761e-003; 
w10(6,1)=-1.1060323255e+000; w1(6,1)=1.4752274611e+000; w1(6,2)=-1.7148151765e+000; w1(6,3)=9.9118084896e-002; w1(6,4)=2.0761587547e+000; 
w10(7,1)=1.9019449354e-001; w1(7,1)=-6.6861090156e-001; w1(7,2)=3.0968969399e-001; w1(7,3)=-1.8548061711e-001; w1(7,4)=-4.0940911891e-001; 
w20=-3.5616159864e-001; w2(1)=4.9036689237e-002; w2(2)=1.0735092640e+000; w2(3)=7.7722354687e-002; w2(4)=3.2740535211e-001; w2(5)=2.3238427639e-001; w2(6)=6.7530950758e-002; w2(7)=-6.0794265346e-001; 

