
%liczba neuronów ukrytych: 5, liczba wejœæ sieci: 4
%wejœcie 1: u(k-3)
%wejœcie 2: u(k-4)
%wejœcie 3: y(k-1)
%wejœcie 4: y(k-2)
%uczenie w trybie OE
w10(1,1)=8.6575115345e-001; w1(1,1)=-6.3282811846e-001; w1(1,2)=-3.7374813241e-001; w1(1,3)=1.8196729141e+000; w1(1,4)=-2.0168016200e+000; 
w10(2,1)=-3.2687059452e-001; w1(2,1)=1.0857269099e+000; w1(2,2)=2.2881991448e+000; w1(2,3)=1.0836269998e+000; w1(2,4)=4.0466991263e-001; 
w10(3,1)=-7.9786405239e-001; w1(3,1)=-5.3867517438e-002; w1(3,2)=1.3776697991e+000; w1(3,3)=-8.2742268141e-001; w1(3,4)=6.9152013577e-001; 
w10(4,1)=-2.1627613001e-001; w1(4,1)=7.3515392469e-002; w1(4,2)=-8.6924681061e-002; w1(4,3)=-3.8933335470e-001; w1(4,4)=1.1541111104e-001; 
w10(5,1)=4.3142505121e-001; w1(5,1)=-2.0995186772e-001; w1(5,2)=2.9362193268e-001; w1(5,3)=-8.8107848554e-001; w1(5,4)=4.7599248641e-001; 
w20=-1.9419498993e-001; w2(1)=-4.3245654846e-001; w2(2)=-3.9424436558e-002; w2(3)=-3.5313011620e-001; w2(4)=-2.5496432129e+000; w2(5)=-7.1727883422e-001; 

