
%liczba neuronów ukrytych: 4, liczba wejœæ sieci: 4
%wejœcie 1: u(k-3)
%wejœcie 2: u(k-4)
%wejœcie 3: y(k-1)
%wejœcie 4: y(k-2)
%uczenie w trybie OE
w10(1,1)=9.2474828253e-002; w1(1,1)=2.3165250593e+000; w1(1,2)=9.0198318182e-001; w1(1,3)=3.8657908486e+000; w1(1,4)=-2.8122586984e+000; 
w10(2,1)=1.2930542031e+000; w1(2,1)=-9.9897225625e-001; w1(2,2)=4.7466413582e+000; w1(2,3)=1.6937422624e+000; w1(2,4)=-2.1778309972e+000; 
w10(3,1)=1.1481118375e-001; w1(3,1)=-7.5672967484e-002; w1(3,2)=-2.8232172527e-003; w1(3,3)=5.3801229032e-001; w1(3,4)=-2.6408857437e-001; 
w10(4,1)=1.2387165468e-001; w1(4,1)=-1.2431664991e+000; w1(4,2)=5.8549122776e-001; w1(4,3)=9.5041560410e-001; w1(4,4)=-1.2344106762e+000; 
w20=-3.3539619901e-001; w2(1)=-1.2529358912e-001; w2(2)=4.1187145231e-002; w2(3)=3.2750180459e+000; w2(4)=-4.8819425027e-001; 

