
%liczba neuronów ukrytych: 4, liczba wejœæ sieci: 4
%wejœcie 1: u(k-3)
%wejœcie 2: u(k-4)
%wejœcie 3: y(k-1)
%wejœcie 4: y(k-2)
%uczenie w trybie OE
w10(1,1)=-5.3283757341e-001; w1(1,1)=1.5044157719e-001; w1(1,2)=3.2013035921e-001; w1(1,3)=-6.0792360272e-002; w1(1,4)=-3.8474313121e-001; 
w10(2,1)=5.1816450453e-002; w1(2,1)=-1.3185949149e-001; w1(2,2)=-7.2445553733e-002; w1(2,3)=-1.6658561406e-001; w1(2,4)=-1.9347508084e-001; 
w10(3,1)=-1.2015614569e-001; w1(3,1)=-5.5918787849e-002; w1(3,2)=1.9744667374e-001; w1(3,3)=-1.2449374243e-001; w1(3,4)=-4.2294962839e-001; 
w10(4,1)=-4.7995800497e-002; w1(4,1)=-5.1573467204e-002; w1(4,2)=-3.6314254645e-002; w1(4,3)=-1.1568374669e-001; w1(4,4)=-2.8801445115e-001; 
w20=-4.4087401640e-001; w2(1)=-7.8001907237e-001; w2(2)=-3.4150796723e-001; w2(3)=-6.6434275103e-001; w2(4)=-3.3605748583e-001; 

