
%liczba neuronów ukrytych: 3, liczba wejœæ sieci: 4
%wejœcie 1: u(k-3)
%wejœcie 2: u(k-4)
%wejœcie 3: y(k-1)
%wejœcie 4: y(k-2)
%uczenie w trybie OE
w10(1,1)=8.7227666939e-001; w1(1,1)=1.0076584354e-001; w1(1,2)=-2.9714934632e-001; w1(1,3)=7.0886637588e-001; w1(1,4)=-1.7571362867e-001; 
w10(2,1)=4.9521936167e-001; w1(2,1)=9.4602298130e-002; w1(2,2)=-1.4314378317e-001; w1(2,3)=-1.0743495616e+000; w1(2,4)=3.9370272908e-001; 
w10(3,1)=-3.4412674418e+000; w1(3,1)=4.1457470375e+000; w1(3,2)=-1.8886223463e+000; w1(3,3)=-1.0537088432e+001; w1(3,4)=9.8251981848e+000; 
w20=-3.9599847282e-001; w2(1)=1.3847113423e+000; w2(2)=-1.0988964749e+000; w2(3)=7.3640499560e-002; 

