
%liczba neuronów ukrytych: 8, liczba wejœæ sieci: 4
%wejœcie 1: u(k-3)
%wejœcie 2: u(k-4)
%wejœcie 3: y(k-1)
%wejœcie 4: y(k-2)
%uczenie w trybie ARX
w10(1,1)=5.1542910253e-001; w1(1,1)=-9.7600197439e-001; w1(1,2)=-9.7254842671e-001; w1(1,3)=3.2789541534e-001; w1(1,4)=-1.0483215912e-001; 
w10(2,1)=-8.4385315150e-002; w1(2,1)=-7.3500716754e-001; w1(2,2)=-8.0410732261e-001; w1(2,3)=-1.6642469841e+000; w1(2,4)=7.8477635590e-001; 
w10(3,1)=4.0703684332e-001; w1(3,1)=2.7165420614e-001; w1(3,2)=1.7508603003e-001; w1(3,3)=1.5609838078e+000; w1(3,4)=1.5788993067e+000; 
w10(4,1)=1.8630455440e+000; w1(4,1)=-4.3764645997e-001; w1(4,2)=-2.6244665920e-001; w1(4,3)=4.5795181834e-001; w1(4,4)=3.0375063925e-001; 
w10(5,1)=1.9090526961e-001; w1(5,1)=1.1290316181e-001; w1(5,2)=-3.3148056816e-001; w1(5,3)=1.3489264408e+000; w1(5,4)=-8.1410915119e-001; 
w10(6,1)=-1.0758822677e+000; w1(6,1)=-7.7076783594e-002; w1(6,2)=-1.9617179922e-001; w1(6,3)=-3.5201712471e-001; w1(6,4)=1.0123823416e-002; 
w10(7,1)=1.7614397418e-001; w1(7,1)=-4.4587667801e-001; w1(7,2)=-4.7014861931e-001; w1(7,3)=-1.1513968341e-001; w1(7,4)=-3.7037873385e-001; 
w10(8,1)=6.2144003563e-001; w1(8,1)=3.3839150311e-001; w1(8,2)=-1.4090829638e-001; w1(8,3)=-3.4564986853e-002; w1(8,4)=-7.2216753676e-001; 
w20=-1.1152757883e+000; w2(1)=1.7810352940e-001; w2(2)=4.7526876148e-001; w2(3)=-1.0302112658e-002; w2(4)=3.5542789513e-001; w2(5)=8.8642782323e-001; w2(6)=-1.2092730742e+000; w2(7)=-9.5945710474e-001; w2(8)=-3.9683962847e-001; 

