
%liczba neuronów ukrytych: 2, liczba wejœæ sieci: 4
%wejœcie 1: u(k-3)
%wejœcie 2: u(k-4)
%wejœcie 3: y(k-1)
%wejœcie 4: y(k-2)
%uczenie w trybie ARX
w10(1,1)=-5.4418247348e-001; w1(1,1)=2.8321725701e-002; w1(1,2)=5.7515864845e-002; w1(1,3)=-6.9889973820e-001; w1(1,4)=1.7785250959e-001; 
w10(2,1)=-7.4865268373e-001; w1(2,1)=9.2419734978e-002; w1(2,2)=5.2244803793e-002; w1(2,3)=1.2082768364e+000; w1(2,4)=6.0005415149e-001; 
w20=-7.7022579813e-001; w2(1)=-1.8272438210e+000; w2(2)=2.1886980528e-001; 

