
%liczba neuronów ukrytych: 5, liczba wejœæ sieci: 4
%wejœcie 1: u(k-3)
%wejœcie 2: u(k-4)
%wejœcie 3: y(k-1)
%wejœcie 4: y(k-2)
%uczenie w trybie OE
w10(1,1)=4.2149383399e-001; w1(1,1)=-1.8794662010e-001; w1(1,2)=-2.8100721828e-001; w1(1,3)=6.2522524881e-002; w1(1,4)=3.9587663118e-001; 
w10(2,1)=4.7165555723e-002; w1(2,1)=-3.2083339559e-002; w1(2,2)=6.3757647732e-002; w1(2,3)=-2.8977904986e-002; w1(2,4)=-1.9503067654e-001; 
w10(3,1)=-4.2170400505e-002; w1(3,1)=1.6638673278e-001; w1(3,2)=-7.7534892889e-002; w1(3,3)=7.7940729380e-002; w1(3,4)=2.6918883922e-001; 
w10(4,1)=2.4944382350e-001; w1(4,1)=-5.8087194588e-002; w1(4,2)=-4.8263083146e-002; w1(4,3)=1.3982061892e-001; w1(4,4)=4.0269926745e-001; 
w10(5,1)=-4.0845584257e-001; w1(5,1)=3.8155073360e-003; w1(5,2)=1.7308611171e-001; w1(5,3)=-1.1265963159e-001; w1(5,4)=-4.2974010289e-001; 
w20=-4.8844625212e-001; w2(1)=4.5649632073e-001; w2(2)=-2.1025953203e-001; w2(3)=3.1958693428e-001; w2(4)=4.7371436112e-001; w2(5)=-6.0135735689e-001; 

