
%liczba neuronów ukrytych: 7, liczba wejœæ sieci: 4
%wejœcie 1: u(k-3)
%wejœcie 2: u(k-4)
%wejœcie 3: y(k-1)
%wejœcie 4: y(k-2)
%uczenie w trybie OE
w10(1,1)=-7.5395140296e-001; w1(1,1)=5.8099816246e-001; w1(1,2)=-5.6568616666e-001; w1(1,3)=3.7543125917e-001; w1(1,4)=2.5837365913e-001; 
w10(2,1)=-4.8782417170e-001; w1(2,1)=-4.9843017513e-001; w1(2,2)=1.0395597914e+000; w1(2,3)=5.3869101507e-002; w1(2,4)=-3.9073726580e-001; 
w10(3,1)=3.6208991947e-001; w1(3,1)=1.1945665147e-001; w1(3,2)=-4.6720328578e-002; w1(3,3)=-1.6932668110e-001; w1(3,4)=5.8526761813e-001; 
w10(4,1)=-6.6096609171e-001; w1(4,1)=1.5438806982e+000; w1(4,2)=-5.8081819659e-002; w1(4,3)=5.2561829142e-001; w1(4,4)=-7.6184359621e-002; 
w10(5,1)=-4.2454463802e-001; w1(5,1)=9.4242518059e-001; w1(5,2)=9.1220362853e-001; w1(5,3)=-1.3944728151e-002; w1(5,4)=2.8337145629e-001; 
w10(6,1)=-1.4195825631e-001; w1(6,1)=7.5938619639e-001; w1(6,2)=-7.0345197666e-001; w1(6,3)=-2.0044356517e+000; w1(6,4)=1.6159769366e+000; 
w10(7,1)=1.1534826183e+000; w1(7,1)=5.4315636038e-001; w1(7,2)=-6.2838096705e-001; w1(7,3)=4.0557077976e-001; w1(7,4)=1.1184649088e-001; 
w20=-4.7593895465e-001; w2(1)=7.1926294817e-001; w2(2)=-6.2844895536e-002; w2(3)=7.4793865122e-001; w2(4)=6.7249838059e-002; w2(5)=-6.1773126880e-002; w2(6)=-7.6902080467e-001; w2(7)=6.7451379731e-001; 

