
%liczba neuronów ukrytych: 5, liczba wejœæ sieci: 4
%wejœcie 1: u(k-3)
%wejœcie 2: u(k-4)
%wejœcie 3: y(k-1)
%wejœcie 4: y(k-2)
%uczenie w trybie OE
w10(1,1)=9.9671062879e-001; w1(1,1)=-7.9520705648e-001; w1(1,2)=3.5620417591e-001; w1(1,3)=-3.0862568400e-001; w1(1,4)=-8.6396062396e-001; 
w10(2,1)=1.1929365595e-001; w1(2,1)=-1.0280886745e+000; w1(2,2)=5.4813305333e-001; w1(2,3)=2.1730814357e+000; w1(2,4)=-1.9827708987e+000; 
w10(3,1)=3.8704590309e-001; w1(3,1)=-1.1488273627e+000; w1(3,2)=6.5011379841e-001; w1(3,3)=-1.8968831708e-001; w1(3,4)=-1.4614229397e-001; 
w10(4,1)=3.8332003169e-001; w1(4,1)=1.6504220616e-001; w1(4,2)=-1.2062999904e-001; w1(4,3)=1.9325640159e-001; w1(4,4)=1.3701211338e-001; 
w10(5,1)=2.1214771207e-001; w1(5,1)=-6.6595156118e-003; w1(5,2)=-1.9166826687e+000; w1(5,3)=-2.9304297282e+000; w1(5,4)=-2.8415380979e+000; 
w20=-8.0881006288e-001; w2(1)=-2.2845094638e-001; w2(2)=5.2725997515e-001; w2(3)=-4.4434202028e-002; w2(4)=2.5616996845e+000; w2(5)=-2.1446427638e-003; 

