
%liczba neuronów ukrytych: 4, liczba wejœæ sieci: 4
%wejœcie 1: u(k-3)
%wejœcie 2: u(k-4)
%wejœcie 3: y(k-1)
%wejœcie 4: y(k-2)
%uczenie w trybie OE
w10(1,1)=-5.2668118112e-001; w1(1,1)=1.0301586215e-001; w1(1,2)=2.0802105299e-001; w1(1,3)=-1.8551065944e-001; w1(1,4)=-3.6167976795e-001; 
w10(2,1)=-3.1778870705e-002; w1(2,1)=-5.4553022469e-002; w1(2,2)=-2.2724490679e-002; w1(2,3)=-8.3793795812e-002; w1(2,4)=-3.2341431136e-001; 
w10(3,1)=3.1749591093e-001; w1(3,1)=2.5105894799e-002; w1(3,2)=-2.3021605340e-001; w1(3,3)=1.8223481426e-001; w1(3,4)=3.6526539261e-001; 
w10(4,1)=-1.1017206957e-001; w1(4,1)=-3.5261430977e-002; w1(4,2)=1.8981461184e-001; w1(4,3)=-1.6332449755e-001; w1(4,4)=-2.9473367661e-001; 
w20=-5.0829831490e-001; w2(1)=-6.3112871120e-001; w2(2)=-3.5060881833e-001; w2(3)=5.5452748921e-001; w2(4)=-3.8001031536e-001; 

