
%liczba neuronów ukrytych: 9, liczba wejœæ sieci: 4
%wejœcie 1: u(k-3)
%wejœcie 2: u(k-4)
%wejœcie 3: y(k-1)
%wejœcie 4: y(k-2)
%uczenie w trybie OE
w10(1,1)=4.6469114064e-001; w1(1,1)=-2.3088134986e-002; w1(1,2)=-3.3825740786e-001; w1(1,3)=-1.3503853352e-001; w1(1,4)=1.4113084956e+000; 
w10(2,1)=2.6561666789e+000; w1(2,1)=-1.4316082218e+000; w1(2,2)=-1.1065678178e+000; w1(2,3)=3.1688774015e-001; w1(2,4)=1.1012650282e+000; 
w10(3,1)=-1.6196741168e-001; w1(3,1)=3.4576110608e-001; w1(3,2)=-3.9896406196e-001; w1(3,3)=2.9946122982e-001; w1(3,4)=-3.7336054486e-002; 
w10(4,1)=-3.4561445932e-002; w1(4,1)=-4.6470392830e-001; w1(4,2)=-8.5661055388e-001; w1(4,3)=5.5617810560e-001; w1(4,4)=-6.8210090767e-001; 
w10(5,1)=-2.9219190265e-002; w1(5,1)=-1.9558544771e-001; w1(5,2)=2.0914603785e-001; w1(5,3)=-7.3034009889e-001; w1(5,4)=1.5162354557e-001; 
w10(6,1)=5.8587988561e-001; w1(6,1)=-1.9801293423e-002; w1(6,2)=-1.8012972495e-001; w1(6,3)=8.9415192020e-001; w1(6,4)=-2.4295882667e-001; 
w10(7,1)=1.5921986653e+000; w1(7,1)=1.9670837271e-001; w1(7,2)=-1.2486109487e+000; w1(7,3)=-1.1635985498e+000; w1(7,4)=-5.6398396329e-001; 
w10(8,1)=-3.2755143357e-001; w1(8,1)=1.2373505054e-001; w1(8,2)=-3.7751893524e-001; w1(8,3)=-1.7997329208e-001; w1(8,4)=-3.5582691000e-001; 
w10(9,1)=-1.5317531677e+000; w1(9,1)=-9.2669202905e-002; w1(9,2)=6.2384325404e-001; w1(9,3)=-3.4883923039e-001; w1(9,4)=-9.7597607887e-001; 
w20=-4.5901270528e-001; w2(1)=-2.5311878999e-001; w2(2)=1.0123915148e-002; w2(3)=2.3363078788e-001; w2(4)=1.1699821675e-001; w2(5)=-5.0140222009e-001; w2(6)=1.2994232742e+000; w2(7)=-8.5098974258e-002; w2(8)=-6.3598355896e-001; w2(9)=2.4333560837e-001; 

