
%liczba neuronów ukrytych: 6, liczba wejœæ sieci: 4
%wejœcie 1: u(k-3)
%wejœcie 2: u(k-4)
%wejœcie 3: y(k-1)
%wejœcie 4: y(k-2)
%uczenie w trybie OE
w10(1,1)=5.1132969078e-001; w1(1,1)=-4.2859215410e-002; w1(1,2)=2.5829742949e+000; w1(1,3)=1.0244340289e-001; w1(1,4)=2.8342238920e-001; 
w10(2,1)=2.6622415405e-001; w1(2,1)=1.1797200938e+000; w1(2,2)=-8.6827060968e-001; w1(2,3)=-1.5957345896e+000; w1(2,4)=1.0549705311e+000; 
w10(3,1)=6.4643148031e-001; w1(3,1)=-1.6474456337e+000; w1(3,2)=-1.8322390859e+000; w1(3,3)=-1.4920272882e+000; w1(3,4)=9.6078087437e-001; 
w10(4,1)=-7.7980448187e-001; w1(4,1)=-3.3111070772e-001; w1(4,2)=3.2732870379e-001; w1(4,3)=-3.8141451912e-001; w1(4,4)=-1.4732050176e-001; 
w10(5,1)=-5.2071369849e-001; w1(5,1)=-1.7520575672e+000; w1(5,2)=4.5542023187e-001; w1(5,3)=1.0448234304e+000; w1(5,4)=-4.4925356658e-001; 
w10(6,1)=-6.8742463616e-001; w1(6,1)=1.1895726879e+000; w1(6,2)=-8.2374599213e-001; w1(6,3)=4.7254601460e-001; w1(6,4)=6.7282647824e-001; 
w20=-6.4024510044e-001; w2(1)=-7.0330702667e-002; w2(2)=-7.1476028981e-001; w2(3)=4.1500737129e-002; w2(4)=-1.4608841069e+000; w2(5)=-1.9533482519e-001; w2(6)=3.5259941086e-001; 

