
%liczba neuronów ukrytych: 8, liczba wejœæ sieci: 4
%wejœcie 1: u(k-3)
%wejœcie 2: u(k-4)
%wejœcie 3: y(k-1)
%wejœcie 4: y(k-2)
%uczenie w trybie OE
w10(1,1)=-1.2860956632e+000; w1(1,1)=8.1113712367e-002; w1(1,2)=4.8271488890e-001; w1(1,3)=1.5761824922e-001; w1(1,4)=-3.0815810096e-001; 
w10(2,1)=-3.5641289775e-001; w1(2,1)=-5.3352646216e-001; w1(2,2)=1.1869110805e+000; w1(2,3)=8.4831450516e-001; w1(2,4)=-1.0012634483e+000; 
w10(3,1)=-2.7124757105e-001; w1(3,1)=2.4359683805e-001; w1(3,2)=1.9838773330e-001; w1(3,3)=-7.9174161339e-001; w1(3,4)=5.3310847116e-001; 
w10(4,1)=-2.0294091855e-001; w1(4,1)=4.5846826420e-001; w1(4,2)=-1.0618597554e-001; w1(4,3)=-1.1562165274e+000; w1(4,4)=9.1679674679e-001; 
w10(5,1)=-8.4093298389e-001; w1(5,1)=-5.4281772154e-002; w1(5,2)=-1.2825301572e-001; w1(5,3)=-5.8813055975e-001; w1(5,4)=7.2377170732e-002; 
w10(6,1)=-1.1295588557e+000; w1(6,1)=5.1087544979e-001; w1(6,2)=6.9585923051e-001; w1(6,3)=6.8986416072e-001; w1(6,4)=-5.5179362222e-001; 
w10(7,1)=-5.4417476733e-001; w1(7,1)=9.6895028053e-002; w1(7,2)=-1.6372929273e-001; w1(7,3)=3.4300490739e-001; w1(7,4)=6.8872361823e-002; 
w10(8,1)=-5.5849349789e-001; w1(8,1)=-3.2309198967e-001; w1(8,2)=-6.0659662207e-001; w1(8,3)=-4.4674408643e-001; w1(8,4)=4.3988978128e-001; 
w20=-7.7563661613e-001; w2(1)=-1.2031277892e+000; w2(2)=-7.0144506857e-002; w2(3)=-1.4268419959e-001; w2(4)=-6.6525121627e-001; w2(5)=-8.3530543273e-001; w2(6)=5.2122832770e-001; w2(7)=1.5156332242e+000; w2(8)=-2.9588384909e-001; 

