
%liczba neuronów ukrytych: 6, liczba wejœæ sieci: 4
%wejœcie 1: u(k-3)
%wejœcie 2: u(k-4)
%wejœcie 3: y(k-1)
%wejœcie 4: y(k-2)
%uczenie w trybie ARX
w10(1,1)=3.3071204476e-001; w1(1,1)=-1.7816870172e-001; w1(1,2)=-2.4364098889e-001; w1(1,3)=-9.4750957178e-001; w1(1,4)=1.2250938082e+000; 
w10(2,1)=2.5616575358e-002; w1(2,1)=-1.2321672969e-001; w1(2,2)=3.3298794316e-001; w1(2,3)=-1.0556972934e+000; w1(2,4)=6.7644915975e-001; 
w10(3,1)=-1.2831146036e+000; w1(3,1)=-2.0204826092e-001; w1(3,2)=-2.6537166640e-001; w1(3,3)=-3.8090703067e-001; w1(3,4)=-1.9057938348e-001; 
w10(4,1)=9.7641545516e-002; w1(4,1)=1.9774530355e-001; w1(4,2)=-3.1049666147e-001; w1(4,3)=1.2793555971e+000; w1(4,4)=-1.4951075205e+000; 
w10(5,1)=1.2919619999e+000; w1(5,1)=-3.8619737462e-001; w1(5,2)=-1.0607720251e+000; w1(5,3)=-5.9502583501e-001; w1(5,4)=-1.7859782726e-001; 
w10(6,1)=-5.0834824308e-001; w1(6,1)=2.2323924377e-001; w1(6,2)=5.9689863464e-001; w1(6,3)=3.3482861778e-002; w1(6,4)=-1.8276980419e-001; 
w20=-4.3954465631e-001; w2(1)=-8.8714064855e-001; w2(2)=-1.4017153924e+000; w2(3)=-8.8173195221e-001; w2(4)=-1.1761547399e+000; w2(5)=-4.4406402638e-001; w2(6)=-1.0688276992e+000; 

