
%liczba neuronów ukrytych: 9, liczba wejœæ sieci: 4
%wejœcie 1: u(k-3)
%wejœcie 2: u(k-4)
%wejœcie 3: y(k-1)
%wejœcie 4: y(k-2)
%uczenie w trybie OE
w10(1,1)=4.6632620718e-001; w1(1,1)=-1.2119415543e-001; w1(1,2)=-1.7852487966e-001; w1(1,3)=4.0710625099e-002; w1(1,4)=4.9092110646e-001; 
w10(2,1)=3.0237228238e-002; w1(2,1)=1.8244671863e-001; w1(2,2)=-6.4033691214e-002; w1(2,3)=1.0224323437e-001; w1(2,4)=3.0106628177e-001; 
w10(3,1)=4.2196302710e-001; w1(3,1)=-8.0482711616e-003; w1(3,2)=-1.5327925946e-001; w1(3,3)=1.2249571724e-001; w1(3,4)=4.4852906126e-001; 
w10(4,1)=2.4537791081e-002; w1(4,1)=2.1494107558e-002; w1(4,2)=2.0061730567e-002; w1(4,3)=6.6287354634e-002; w1(4,4)=-6.3500915314e-002; 
w10(5,1)=-1.8864112190e-001; w1(5,1)=5.2586606268e-002; w1(5,2)=1.4586674314e-001; w1(5,3)=-1.1451227846e-001; w1(5,4)=-3.1743791872e-001; 
w10(6,1)=-5.4736039083e-002; w1(6,1)=-6.5059636198e-002; w1(6,2)=-1.7706882128e-001; w1(6,3)=7.9109026778e-002; w1(6,4)=8.8986385317e-002; 
w10(7,1)=-3.2466110297e-002; w1(7,1)=-6.9731681664e-002; w1(7,2)=-9.9675218732e-002; w1(7,3)=6.3339526334e-002; w1(7,4)=1.1149716393e-001; 
w10(8,1)=-1.6164819297e-002; w1(8,1)=6.2694082298e-002; w1(8,2)=9.1573596248e-002; w1(8,3)=-1.1142138144e-001; w1(8,4)=-1.9755426756e-001; 
w10(9,1)=1.4480356855e-003; w1(9,1)=-1.3435290873e-001; w1(9,2)=-9.6642357336e-002; w1(9,3)=1.2531011330e-001; w1(9,4)=1.0546597885e-001; 
w20=-4.8322263332e-001; w2(1)=5.0528697399e-001; w2(2)=3.5005700555e-001; w2(3)=5.3134691181e-001; w2(4)=-5.2108169652e-003; w2(5)=-3.1727056160e-001; w2(6)=5.9601028598e-002; w2(7)=9.8984806092e-002; w2(8)=-1.6893971987e-001; w2(9)=8.8470696107e-002; 

