
%liczba neuronów ukrytych: 8, liczba wejœæ sieci: 4
%wejœcie 1: u(k-3)
%wejœcie 2: u(k-4)
%wejœcie 3: y(k-1)
%wejœcie 4: y(k-2)
%uczenie w trybie OE
w10(1,1)=-1.0600798516e+000; w1(1,1)=2.0672093357e-001; w1(1,2)=-2.8543284923e-001; w1(1,3)=-8.6397449135e-001; w1(1,4)=2.0561339200e-001; 
w10(2,1)=1.9688776727e+000; w1(2,1)=4.4700999424e-001; w1(2,2)=-2.2290840213e-001; w1(2,3)=8.5623247469e-001; w1(2,4)=2.9903465663e-001; 
w10(3,1)=6.5765015299e-001; w1(3,1)=3.1768659138e-001; w1(3,2)=-3.3286084683e+000; w1(3,3)=-3.1480481295e+000; w1(3,4)=2.0442297990e+000; 
w10(4,1)=-1.5320248681e-001; w1(4,1)=8.1398535112e-003; w1(4,2)=4.6939111470e-001; w1(4,3)=-2.3005939081e+000; w1(4,4)=2.0158824643e+000; 
w10(5,1)=-2.0810485251e+000; w1(5,1)=-1.1334202304e-001; w1(5,2)=5.3861798974e-001; w1(5,3)=-1.8988009285e-002; w1(5,4)=1.5030934454e+000; 
w10(6,1)=-1.2464802285e+000; w1(6,1)=9.2755947777e-001; w1(6,2)=1.7220023126e+000; w1(6,3)=2.5340127307e+000; w1(6,4)=-1.3891594725e+000; 
w10(7,1)=1.8121068409e-002; w1(7,1)=-4.8404053997e-001; w1(7,2)=5.8316242874e-001; w1(7,3)=-4.3567853117e-001; w1(7,4)=9.0309014139e-001; 
w10(8,1)=-5.9897426002e-002; w1(8,1)=4.3053085650e-001; w1(8,2)=-3.3452082121e-001; w1(8,3)=5.6695395233e-001; w1(8,4)=1.5462930953e-001; 
w20=-1.9647135250e-001; w2(1)=-5.5778591098e-001; w2(2)=2.1057954473e-001; w2(3)=2.3481123974e-002; w2(4)=-4.7516573755e-001; w2(5)=4.8761590875e-001; w2(6)=2.7288925976e-002; w2(7)=3.3147891637e-001; w2(8)=6.5581668579e-001; 

