
%liczba neuronów ukrytych: 1, liczba wejœæ sieci: 4
%wejœcie 1: u(k-3)
%wejœcie 2: u(k-4)
%wejœcie 3: y(k-1)
%wejœcie 4: y(k-2)
%uczenie w trybie OE
w10(1,1)=4.3468320371e-001; w1(1,1)=-1.4914394195e-002; w1(1,2)=-2.9997685168e-001; w1(1,3)=-3.9157414768e-002; w1(1,4)=7.0647637131e-001; 
w20=-5.5380572490e-001; w2(1)=1.4454871560e+000; 

