
%liczba neuronów ukrytych: 6, liczba wejœæ sieci: 4
%wejœcie 1: u(k-3)
%wejœcie 2: u(k-4)
%wejœcie 3: y(k-1)
%wejœcie 4: y(k-2)
%uczenie w trybie OE
w10(1,1)=-8.1930302135e-001; w1(1,1)=2.2009803041e-001; w1(1,2)=3.8117234965e-001; w1(1,3)=-3.8155692564e-002; w1(1,4)=-4.4680128120e-001; 
w10(2,1)=1.7497411305e-002; w1(2,1)=1.2698443215e-002; w1(2,2)=1.3924514896e-001; w1(2,3)=-1.6820357149e-001; w1(2,4)=-2.9283678191e-001; 
w10(3,1)=-1.0092093520e-002; w1(3,1)=1.3333426864e-002; w1(3,2)=-1.0136697110e-001; w1(3,3)=1.5275851456e-001; w1(3,4)=3.9259421838e-001; 
w10(4,1)=9.4390239255e-002; w1(4,1)=7.6776963427e-002; w1(4,2)=1.5090611444e-001; w1(4,3)=7.3759445858e-002; w1(4,4)=-1.1334072926e-001; 
w10(5,1)=1.0400812935e-002; w1(5,1)=-8.6674846521e-002; w1(5,2)=2.7590460084e-003; w1(5,3)=-1.0215235224e-001; w1(5,4)=-5.4682249780e-001; 
w10(6,1)=5.2585169719e-001; w1(6,1)=-3.4514202505e-002; w1(6,2)=-2.8275807255e-001; w1(6,3)=-3.5849474328e-002; w1(6,4)=5.4609864121e-001; 
w20=-4.4874202072e-001; w2(1)=-3.5932967259e-001; w2(2)=-2.4705179660e-001; w2(3)=3.2093252609e-001; w2(4)=6.4311232876e-003; w2(5)=-4.9201709334e-001; w2(6)=4.8105838034e-001; 

