
%liczba neuronów ukrytych: 8, liczba wejœæ sieci: 4
%wejœcie 1: u(k-3)
%wejœcie 2: u(k-4)
%wejœcie 3: y(k-1)
%wejœcie 4: y(k-2)
%uczenie w trybie ARX
w10(1,1)=1.8454720482e-001; w1(1,1)=2.0428593883e-001; w1(1,2)=1.1015761890e+000; w1(1,3)=1.5583311681e+000; w1(1,4)=-6.7649198239e-001; 
w10(2,1)=2.2140104656e-002; w1(2,1)=2.8107605796e-001; w1(2,2)=5.0162177787e-001; w1(2,3)=-2.4675634721e-002; w1(2,4)=7.2916688644e-001; 
w10(3,1)=4.4620798429e-001; w1(3,1)=-2.1329270671e-002; w1(3,2)=-9.2878929538e-001; w1(3,3)=5.8248631130e-001; w1(3,4)=-2.4376547529e-001; 
w10(4,1)=-4.6458450308e-001; w1(4,1)=5.1613678801e-002; w1(4,2)=4.9232493233e-001; w1(4,3)=-1.5002821432e-001; w1(4,4)=6.3267851953e-001; 
w10(5,1)=6.2952731943e-002; w1(5,1)=1.1679510380e-002; w1(5,2)=-3.2822080198e-001; w1(5,3)=-5.8426230048e-001; w1(5,4)=8.7818469073e-001; 
w10(6,1)=9.4153746391e-001; w1(6,1)=1.3610822828e-001; w1(6,2)=7.5497574708e-002; w1(6,3)=-6.5035415051e-001; w1(6,4)=-3.3103400304e-001; 
w10(7,1)=1.0497455187e+000; w1(7,1)=-3.8573983444e-002; w1(7,2)=1.9287111897e-001; w1(7,3)=4.3962233530e-001; w1(7,4)=2.5312918884e-001; 
w10(8,1)=1.0936956899e-001; w1(8,1)=-2.9641695863e-002; w1(8,2)=2.2400505719e-001; w1(8,3)=-4.3898678944e-001; w1(8,4)=-3.2167604593e-001; 
w20=-5.0507770324e-001; w2(1)=-5.6385248037e-001; w2(2)=4.7688046759e-001; w2(3)=6.8566037803e-001; w2(4)=6.4463011395e-001; w2(5)=-1.2207172422e+000; w2(6)=-3.5384323210e-001; w2(7)=1.2720525104e+000; w2(8)=-5.9909417715e-001; 

