
%liczba neuronów ukrytych: 1, liczba wejœæ sieci: 4
%wejœcie 1: u(k-3)
%wejœcie 2: u(k-4)
%wejœcie 3: y(k-1)
%wejœcie 4: y(k-2)
%uczenie w trybie OE
w10(1,1)=3.3301301602e-001; w1(1,1)=-2.5157735204e-002; w1(1,2)=-1.7421439594e-001; w1(1,3)=1.8478314087e-001; w1(1,4)=3.8188771256e-001; 
w20=-5.2214739955e-001; w2(1)=1.6930388271e+000; 

