
%liczba neuronów ukrytych: 6, liczba wejœæ sieci: 4
%wejœcie 1: u(k-3)
%wejœcie 2: u(k-4)
%wejœcie 3: y(k-1)
%wejœcie 4: y(k-2)
%uczenie w trybie OE
w10(1,1)=-1.9595588366e-002; w1(1,1)=1.0482615305e-002; w1(1,2)=1.0732284820e-002; w1(1,3)=1.6816342161e-001; w1(1,4)=1.8817884551e-001; 
w10(2,1)=5.8870527151e-002; w1(2,1)=1.4221910093e-001; w1(2,2)=8.2125907784e-002; w1(2,3)=3.6106444671e-002; w1(2,4)=1.3627822217e-002; 
w10(3,1)=4.2387525134e-001; w1(3,1)=-8.5001537881e-002; w1(3,2)=-2.4392014173e-001; w1(3,3)=3.3793530402e-002; w1(3,4)=4.6317885563e-001; 
w10(4,1)=-2.3151791975e-002; w1(4,1)=-8.7898034006e-002; w1(4,2)=-5.5812474111e-003; w1(4,3)=-2.4975026449e-001; w1(4,4)=-2.9991573891e-001; 
w10(5,1)=-4.2426741539e-002; w1(5,1)=-4.7324184064e-002; w1(5,2)=-5.8513082887e-002; w1(5,3)=1.2258916401e-001; w1(5,4)=6.8595926877e-002; 
w10(6,1)=4.5140696212e-001; w1(6,1)=-7.0230686139e-002; w1(6,2)=-2.5828108152e-001; w1(6,3)=1.8892708359e-001; w1(6,4)=3.3543366622e-001; 
w20=-4.6357847653e-001; w2(1)=2.7129980987e-001; w2(2)=4.5113855229e-002; w2(3)=5.9924529163e-001; w2(4)=-4.6248380990e-001; w2(5)=1.2485987720e-001; w2(6)=5.6626264035e-001; 

