
%liczba neuronów ukrytych: 5, liczba wejœæ sieci: 4
%wejœcie 1: u(k-3)
%wejœcie 2: u(k-4)
%wejœcie 3: y(k-1)
%wejœcie 4: y(k-2)
%uczenie w trybie OE
w10(1,1)=-4.5899919372e-002; w1(1,1)=-1.5630108816e-001; w1(1,2)=-7.6284618884e-002; w1(1,3)=4.5769941791e-002; w1(1,4)=-1.6441280357e-001; 
w10(2,1)=-2.5534761581e-002; w1(2,1)=3.2997247551e-002; w1(2,2)=2.1629172434e-001; w1(2,3)=-9.1259602519e-002; w1(2,4)=-3.0743527268e-001; 
w10(3,1)=1.8133549655e-001; w1(3,1)=-1.1791020134e-001; w1(3,2)=-2.4015929539e-001; w1(3,3)=2.0571898677e-001; w1(3,4)=2.5968132184e-001; 
w10(4,1)=5.7604269688e-001; w1(4,1)=-3.0627030324e-002; w1(4,2)=-1.5876985195e-001; w1(4,3)=1.8699394491e-001; w1(4,4)=4.3841341348e-001; 
w10(5,1)=-4.5883366490e-002; w1(5,1)=4.5533216775e-002; w1(5,2)=-3.7938946142e-002; w1(5,3)=1.3185550648e-001; w1(5,4)=2.4283385298e-001; 
w20=-4.8377127707e-001; w2(1)=-1.5675770450e-001; w2(2)=-3.3883966785e-001; w2(3)=4.1687796924e-001; w2(4)=8.2041592084e-001; w2(5)=3.2855554102e-001; 

