
%liczba neuronów ukrytych: 10, liczba wejœæ sieci: 4
%wejœcie 1: u(k-3)
%wejœcie 2: u(k-4)
%wejœcie 3: y(k-1)
%wejœcie 4: y(k-2)
%uczenie w trybie ARX
w10(1,1)=6.8899192881e-002; w1(1,1)=-9.4116910258e-002; w1(1,2)=-7.0218549074e-001; w1(1,3)=2.5408364604e-001; w1(1,4)=-8.4840779856e-001; 
w10(2,1)=1.1222082066e+000; w1(2,1)=-4.8117892698e-001; w1(2,2)=-5.8388858528e-001; w1(2,3)=2.2808862611e-001; w1(2,4)=-4.2604024172e-001; 
w10(3,1)=3.2636455990e-001; w1(3,1)=6.0657163643e-001; w1(3,2)=6.3889094752e-003; w1(3,3)=1.7012052335e-001; w1(3,4)=-1.2728451130e-001; 
w10(4,1)=-7.3075217676e-002; w1(4,1)=-2.1794052330e-002; w1(4,2)=-5.6409159389e-001; w1(4,3)=-3.0499523227e-001; w1(4,4)=-5.5487052548e-001; 
w10(5,1)=-6.6540076808e-001; w1(5,1)=-3.0430421613e-001; w1(5,2)=-2.2061333627e-001; w1(5,3)=1.0135618872e-001; w1(5,4)=4.1032235413e-001; 
w10(6,1)=-2.1366806125e-001; w1(6,1)=-5.5584682577e-001; w1(6,2)=-1.2345724813e+000; w1(6,3)=-1.0688671034e+000; w1(6,4)=3.4023047478e-002; 
w10(7,1)=-3.6460755078e-001; w1(7,1)=1.0630521982e-001; w1(7,2)=1.9302007566e-001; w1(7,3)=-1.8013659411e-001; w1(7,4)=-3.1091619806e-001; 
w10(8,1)=1.0170014838e+000; w1(8,1)=8.7379962692e-001; w1(8,2)=9.1985415696e-001; w1(8,3)=1.4575936176e-001; w1(8,4)=-2.5591268586e-001; 
w10(9,1)=-1.8677545322e-001; w1(9,1)=-1.5213829680e-001; w1(9,2)=3.2782893299e-001; w1(9,3)=-1.1321982635e+000; w1(9,4)=8.2490251128e-001; 
w10(10,1)=1.6173578792e-001; w1(10,1)=2.2080286782e-001; w1(10,2)=6.6495176046e-001; w1(10,3)=-2.4217141570e-001; w1(10,4)=8.9454152756e-001; 
w20=-3.8267992804e-002; w2(1)=-7.6471931049e-001; w2(2)=-2.7184797021e-001; w2(3)=-5.1958894561e-001; w2(4)=6.0705933132e-001; w2(5)=4.5378102922e-001; w2(6)=5.6270895950e-001; w2(7)=-5.5211648594e-001; w2(8)=3.3374971966e-001; w2(9)=-1.5793835742e+000; w2(10)=1.0019098568e+000; 

