
%liczba neuronów ukrytych: 3, liczba wejœæ sieci: 4
%wejœcie 1: u(k-3)
%wejœcie 2: u(k-4)
%wejœcie 3: y(k-1)
%wejœcie 4: y(k-2)
%uczenie w trybie ARX
w10(1,1)=-1.9837311594e+000; w1(1,1)=2.6860572471e-001; w1(1,2)=2.4535441077e-001; w1(1,3)=-1.2276268591e+000; w1(1,4)=2.9004059788e+000; 
w10(2,1)=2.7855430106e-001; w1(2,1)=5.5293479356e-001; w1(2,2)=-3.5128526907e+000; w1(2,3)=-2.7458200612e-001; w1(2,4)=1.4279890219e-001; 
w10(3,1)=-3.1768349506e-001; w1(3,1)=2.2687978769e-002; w1(3,2)=5.4204620714e-004; w1(3,3)=-3.6994284119e-001; w1(3,4)=4.1030763018e-002; 
w20=-4.5660698834e-001; w2(1)=4.5032280510e-001; w2(2)=7.8605443845e-002; w2(3)=-2.8288607908e+000; 

