
%liczba neuronów ukrytych: 9, liczba wejœæ sieci: 4
%wejœcie 1: u(k-3)
%wejœcie 2: u(k-4)
%wejœcie 3: y(k-1)
%wejœcie 4: y(k-2)
%uczenie w trybie OE
w10(1,1)=-4.0946618464e-001; w1(1,1)=-6.3779810751e-001; w1(1,2)=5.1146394878e-001; w1(1,3)=-5.6561929746e-002; w1(1,4)=-9.4701320726e-001; 
w10(2,1)=-2.8065612381e-001; w1(2,1)=1.1720035740e+000; w1(2,2)=1.5249591406e+000; w1(2,3)=7.0621667397e-001; w1(2,4)=-8.0021284903e-001; 
w10(3,1)=1.8829236408e-001; w1(3,1)=2.2686912431e-001; w1(3,2)=-8.8486908936e-002; w1(3,3)=-3.3366878527e-003; w1(3,4)=3.4455337661e-001; 
w10(4,1)=-1.7620113292e-001; w1(4,1)=-8.0687542237e-001; w1(4,2)=-2.1578963886e-001; w1(4,3)=-3.9158207335e-001; w1(4,4)=-3.1482410247e-002; 
w10(5,1)=-4.6192690798e-001; w1(5,1)=3.8487467693e-001; w1(5,2)=-6.7371041617e-002; w1(5,3)=-1.1935280266e+000; w1(5,4)=9.5650720089e-001; 
w10(6,1)=1.3217284138e+000; w1(6,1)=-8.4692125933e-001; w1(6,2)=-2.2293110105e+000; w1(6,3)=-4.6090690149e-001; w1(6,4)=5.1874798262e-001; 
w10(7,1)=-5.0851610593e-001; w1(7,1)=5.6459855768e-001; w1(7,2)=1.6306261619e-001; w1(7,3)=2.3919589742e-001; w1(7,4)=4.0540883246e-002; 
w10(8,1)=-2.8946233074e-001; w1(8,1)=-1.4693471846e-001; w1(8,2)=8.0265983482e-002; w1(8,3)=7.6974193339e-001; w1(8,4)=-4.9547194855e-001; 
w10(9,1)=-1.8724737069e-001; w1(9,1)=1.1267818604e-002; w1(9,2)=-6.7480166284e-002; w1(9,3)=6.1591550110e-001; w1(9,4)=-3.5282117502e-001; 
w20=-2.7872081868e-001; w2(1)=1.1948289639e-001; w2(2)=-2.1063123754e-002; w2(3)=1.8239613234e+000; w2(4)=9.9144522920e-002; w2(5)=-8.8105302531e-001; w2(6)=-6.8719320580e-003; w2(7)=2.1528799104e-001; w2(8)=6.6111461496e-001; w2(9)=4.8480344412e-001; 

