
%liczba neuronów ukrytych: 3, liczba wejœæ sieci: 4
%wejœcie 1: u(k-3)
%wejœcie 2: u(k-4)
%wejœcie 3: y(k-1)
%wejœcie 4: y(k-2)
%uczenie w trybie OE
w10(1,1)=1.0246885170e-001; w1(1,1)=6.2746914130e-002; w1(1,2)=-9.6475978522e-001; w1(1,3)=3.2710679078e+000; w1(1,4)=-2.9908872601e+000; 
w10(2,1)=6.0956385985e-001; w1(2,1)=-1.2160155173e-001; w1(2,2)=5.6192868433e-002; w1(2,3)=-8.0693946254e-001; w1(2,4)=7.7975068770e-002; 
w10(3,1)=6.8685077066e-001; w1(3,1)=-4.0407251172e-002; w1(3,2)=3.7542134614e-002; w1(3,3)=6.3487471385e-001; w1(3,4)=-2.0670043307e-001; 
w20=-8.2183626808e-001; w2(1)=1.1942842506e-001; w2(2)=-7.3481717316e-001; w2(3)=2.0285959276e+000; 

