
%liczba neuronów ukrytych: 9, liczba wejœæ sieci: 4
%wejœcie 1: u(k-3)
%wejœcie 2: u(k-4)
%wejœcie 3: y(k-1)
%wejœcie 4: y(k-2)
%uczenie w trybie ARX
w10(1,1)=6.5369107014e-001; w1(1,1)=4.5502090001e-001; w1(1,2)=-2.2362758372e-001; w1(1,3)=-1.2271892373e-001; w1(1,4)=-5.6026579587e-001; 
w10(2,1)=-4.5231867969e-001; w1(2,1)=-8.0007280836e-001; w1(2,2)=-7.1316248893e-001; w1(2,3)=7.4271032872e-002; w1(2,4)=-3.8529324760e-002; 
w10(3,1)=-8.6400489444e-002; w1(3,1)=-3.0481446551e-001; w1(3,2)=-4.4068656148e-001; w1(3,3)=-1.9683093475e-001; w1(3,4)=4.5117300098e-001; 
w10(4,1)=-3.6947808697e-002; w1(4,1)=-4.3720200734e-001; w1(4,2)=-9.5778409983e-001; w1(4,3)=3.6853190745e-001; w1(4,4)=-9.6221973476e-001; 
w10(5,1)=9.5047448794e-001; w1(5,1)=-4.7156612170e-001; w1(5,2)=-4.4053248270e-001; w1(5,3)=-2.4487248499e-001; w1(5,4)=-7.8137509439e-002; 
w10(6,1)=-8.7551716160e-001; w1(6,1)=2.5837435677e-001; w1(6,2)=-3.1443745402e-001; w1(6,3)=-2.8383383017e-001; w1(6,4)=-2.9077687396e-001; 
w10(7,1)=1.7390714242e-001; w1(7,1)=5.7414231020e-001; w1(7,2)=1.3560170887e+000; w1(7,3)=1.0440918677e+000; w1(7,4)=-1.0597923595e-001; 
w10(8,1)=2.0142589822e-001; w1(8,1)=6.4321804822e-002; w1(8,2)=-4.7289239373e-001; w1(8,3)=9.3942308416e-001; w1(8,4)=-6.4867488787e-001; 
w10(9,1)=-8.0933702582e-002; w1(9,1)=-8.0092093556e-001; w1(9,2)=-9.3248247424e-001; w1(9,3)=-5.2620407166e-003; w1(9,4)=4.8973453159e-002; 
w20=-3.4698521071e-001; w2(1)=-6.1551850114e-001; w2(2)=-4.5006092575e-001; w2(3)=-2.4589302021e-001; w2(4)=-8.3566836726e-001; w2(5)=-3.9871776171e-001; w2(6)=-8.6447720125e-001; w2(7)=-6.0966425275e-001; w2(8)=1.4113857580e+000; w2(9)=3.7757367726e-001; 

