
%liczba neuronów ukrytych: 9, liczba wejœæ sieci: 4
%wejœcie 1: u(k-3)
%wejœcie 2: u(k-4)
%wejœcie 3: y(k-1)
%wejœcie 4: y(k-2)
%uczenie w trybie OE
w10(1,1)=9.7200338478e-002; w1(1,1)=-3.8879626573e-003; w1(1,2)=3.8075891476e-002; w1(1,3)=5.3135008139e-002; w1(1,4)=3.2696462057e-001; 
w10(2,1)=2.5128998049e-001; w1(2,1)=-2.3906137974e-001; w1(2,2)=-3.6421279855e-001; w1(2,3)=1.0946136680e-001; w1(2,4)=1.6651255462e-001; 
w10(3,1)=-3.4937509480e-001; w1(3,1)=1.8995698938e-001; w1(3,2)=3.1859700097e-001; w1(3,3)=-1.1378070365e-001; w1(3,4)=-2.4283137119e-001; 
w10(4,1)=5.9292711097e-002; w1(4,1)=3.0367812506e-002; w1(4,2)=5.4309130239e-002; w1(4,3)=-3.9138120806e-002; w1(4,4)=-1.4566779071e-001; 
w10(5,1)=-3.1735191237e-002; w1(5,1)=-1.1289280669e-001; w1(5,2)=-8.1829088614e-002; w1(5,3)=1.1893291157e-002; w1(5,4)=-6.5314497865e-002; 
w10(6,1)=3.6327611861e-002; w1(6,1)=-5.0773638765e-002; w1(6,2)=-2.0873636228e-002; w1(6,3)=-8.1111743991e-002; w1(6,4)=-1.3586406530e-001; 
w10(7,1)=-3.1279391186e-001; w1(7,1)=1.1452350857e-001; w1(7,2)=1.4615265330e-001; w1(7,3)=-6.6469159342e-002; w1(7,4)=-3.5337544280e-001; 
w10(8,1)=-2.7629890289e-001; w1(8,1)=-1.5983309932e-001; w1(8,2)=-1.1250880389e-002; w1(8,3)=-1.9006683079e-001; w1(8,4)=-4.0247706967e-001; 
w10(9,1)=3.1048060124e-002; w1(9,1)=-2.2831339270e-001; w1(9,2)=-1.5999780139e-001; w1(9,3)=1.1246981897e-001; w1(9,4)=8.8103101310e-002; 
w20=-4.7442090273e-001; w2(1)=3.7252882966e-001; w2(2)=2.1958095513e-001; w2(3)=-3.5759183631e-001; w2(4)=-1.0653956172e-001; w2(5)=-9.0707431025e-002; w2(6)=-2.1022220211e-001; w2(7)=-3.9676250535e-001; w2(8)=-6.0597279988e-001; w2(9)=6.7964032013e-002; 

