
%liczba neuronów ukrytych: 2, liczba wejœæ sieci: 4
%wejœcie 1: u(k-3)
%wejœcie 2: u(k-4)
%wejœcie 3: y(k-1)
%wejœcie 4: y(k-2)
%uczenie w trybie OE
w10(1,1)=3.2357521295e-001; w1(1,1)=-5.1587626079e-002; w1(1,2)=-7.6715978177e-002; w1(1,3)=4.2431572908e-001; w1(1,4)=-5.1279616104e-001; 
w10(2,1)=-1.5602287238e-001; w1(2,1)=6.9096432993e-002; w1(2,2)=2.5936196938e-001; w1(2,3)=-1.3240649738e+000; w1(2,4)=1.1632518228e+000; 
w20=1.5514703962e+000; w2(1)=-6.3303042897e+000; w2(2)=-2.7713031768e+000; 

