
%liczba neuronów ukrytych: 10, liczba wejœæ sieci: 4
%wejœcie 1: u(k-3)
%wejœcie 2: u(k-4)
%wejœcie 3: y(k-1)
%wejœcie 4: y(k-2)
%uczenie w trybie OE
w10(1,1)=4.7099031121e-001; w1(1,1)=2.8309891000e-002; w1(1,2)=-1.9647475093e-001; w1(1,3)=-4.2400448463e-001; w1(1,4)=-3.5268042960e-001; 
w10(2,1)=-4.4407788911e-001; w1(2,1)=-1.2333565389e-001; w1(2,2)=-5.9471385358e-001; w1(2,3)=-5.0766431073e-001; w1(2,4)=1.8588595353e-001; 
w10(3,1)=3.5107519337e-001; w1(3,1)=-5.9869005851e-001; w1(3,2)=1.4803285077e-002; w1(3,3)=4.0323909756e-002; w1(3,4)=-8.2543452010e-001; 
w10(4,1)=6.5106826107e-001; w1(4,1)=-3.2565015975e-001; w1(4,2)=-1.8507582572e-001; w1(4,3)=1.1349314647e-001; w1(4,4)=5.3914711860e-002; 
w10(5,1)=-1.8256071090e+000; w1(5,1)=2.5022394545e+000; w1(5,2)=1.1007557406e+000; w1(5,3)=2.7133367086e-003; w1(5,4)=2.2684470950e-001; 
w10(6,1)=7.3050669958e-001; w1(6,1)=-1.2565332224e+000; w1(6,2)=-2.6462161230e-001; w1(6,3)=-3.1598310726e-001; w1(6,4)=-4.5579000702e-001; 
w10(7,1)=-1.2596831249e+000; w1(7,1)=-1.5759217583e-001; w1(7,2)=-6.1538507835e-001; w1(7,3)=-6.9790498104e-001; w1(7,4)=8.4465125969e-001; 
w10(8,1)=-6.3081727761e-001; w1(8,1)=5.6735221799e-002; w1(8,2)=-2.9127295346e-001; w1(8,3)=4.4747375808e-001; w1(8,4)=-1.9775159219e-001; 
w10(9,1)=-2.9552842483e+000; w1(9,1)=1.8964805295e-001; w1(9,2)=2.8594091501e+000; w1(9,3)=9.3518190066e-001; w1(9,4)=-2.8924299615e-001; 
w10(10,1)=3.9401763791e-001; w1(10,1)=2.6788326421e-001; w1(10,2)=-3.1253559633e-001; w1(10,3)=7.6946004676e-001; w1(10,4)=-4.5959946775e-001; 
w20=-4.9872341333e-001; w2(1)=-3.7210364303e-001; w2(2)=-9.7358820583e-001; w2(3)=3.1145289725e-001; w2(4)=1.5690386155e+000; w2(5)=3.8196548024e-002; w2(6)=-2.0450153567e-001; w2(7)=3.3243038550e-001; w2(8)=8.2582698079e-001; w2(9)=1.9720629637e-001; w2(10)=9.5328696366e-001; 

