
%liczba neuronów ukrytych: 9, liczba wejœæ sieci: 4
%wejœcie 1: u(k-3)
%wejœcie 2: u(k-4)
%wejœcie 3: y(k-1)
%wejœcie 4: y(k-2)
%uczenie w trybie ARX
w10(1,1)=-8.2120306775e-001; w1(1,1)=3.8671743896e-001; w1(1,2)=5.2001103323e-001; w1(1,3)=4.1358521762e-001; w1(1,4)=-2.1464301924e-001; 
w10(2,1)=-3.7562789210e-001; w1(2,1)=3.1324311894e-001; w1(2,2)=-1.6383696897e-001; w1(2,3)=-3.9171202352e-001; w1(2,4)=-3.0178216512e-001; 
w10(3,1)=3.7750957850e-001; w1(3,1)=-2.7584620882e-003; w1(3,2)=2.3025557267e-002; w1(3,3)=4.2193874064e-001; w1(3,4)=-6.0906564667e-002; 
w10(4,1)=-9.0909947614e-001; w1(4,1)=-8.7458870783e-001; w1(4,2)=-7.0747809431e-001; w1(4,3)=1.2706037652e-001; w1(4,4)=-3.0857553536e-002; 
w10(5,1)=1.3625110733e-001; w1(5,1)=6.2403233889e-001; w1(5,2)=1.0965257675e+000; w1(5,3)=9.6064910698e-001; w1(5,4)=-5.9976782464e-002; 
w10(6,1)=9.3678308667e-002; w1(6,1)=5.6425569389e-002; w1(6,2)=-6.2225282958e-001; w1(6,3)=9.1799085428e-001; w1(6,4)=-6.5932287850e-001; 
w10(7,1)=-2.7811153940e-002; w1(7,1)=-5.0380957525e-001; w1(7,2)=-7.3782939854e-001; w1(7,3)=3.1574985653e-001; w1(7,4)=-9.4892441922e-001; 
w10(8,1)=-1.5585158818e-001; w1(8,1)=-3.7615722029e-001; w1(8,2)=2.0992777836e-001; w1(8,3)=2.3952379156e-001; w1(8,4)=4.2076467497e-002; 
w10(9,1)=4.9892081923e-001; w1(9,1)=3.3658798113e-001; w1(9,2)=5.6140902127e-002; w1(9,3)=1.3353252483e-001; w1(9,4)=-2.7769217225e-001; 
w20=-6.1542652639e-002; w2(1)=5.1518092811e-001; w2(2)=2.7881131654e-001; w2(3)=1.5944027362e+000; w2(4)=-3.7865160377e-001; w2(5)=-7.9669559618e-001; w2(6)=1.0056700131e+000; w2(7)=-1.0135513074e+000; w2(8)=9.3180801079e-001; w2(9)=-4.4798507802e-001; 

