
%liczba neuronów ukrytych: 7, liczba wejœæ sieci: 4
%wejœcie 1: u(k-3)
%wejœcie 2: u(k-4)
%wejœcie 3: y(k-1)
%wejœcie 4: y(k-2)
%uczenie w trybie OE
w10(1,1)=5.5929320696e-001; w1(1,1)=-6.8813074048e-002; w1(1,2)=2.2602776831e-001; w1(1,3)=1.2942191680e-001; w1(1,4)=1.4237933157e-001; 
w10(2,1)=1.1382159236e-001; w1(2,1)=5.2941983204e-001; w1(2,2)=-9.7855428758e-001; w1(2,3)=6.6924938548e-001; w1(2,4)=-4.7758604044e-003; 
w10(3,1)=-7.9045610063e-001; w1(3,1)=-7.3868266584e-002; w1(3,2)=1.6843519989e-001; w1(3,3)=-5.0143309856e-001; w1(3,4)=-4.4340544875e-002; 
w10(4,1)=-1.2475153090e+000; w1(4,1)=3.8923215328e-001; w1(4,2)=1.3120887615e+000; w1(4,3)=8.3484287158e-001; w1(4,4)=-1.8799162851e-001; 
w10(5,1)=1.5539082739e-001; w1(5,1)=7.2361730553e-002; w1(5,2)=-9.3938921929e-001; w1(5,3)=-1.0691179460e+000; w1(5,4)=1.3622239693e+000; 
w10(6,1)=8.2279588200e-001; w1(6,1)=-1.4505981159e-001; w1(6,2)=1.0817954237e-001; w1(6,3)=-6.4254463308e-001; w1(6,4)=-5.4881987762e-001; 
w10(7,1)=2.4741954290e-001; w1(7,1)=-2.2474179596e-001; w1(7,2)=-6.9737477468e-001; w1(7,3)=-3.1108410010e-002; w1(7,4)=1.5066484830e-001; 
w20=-1.0049736188e+000; w2(1)=1.0395803759e+000; w2(2)=4.7692574233e-001; w2(3)=-1.0093295013e+000; w2(4)=9.9911405965e-002; w2(5)=-6.1778820825e-001; w2(6)=-3.1864239109e-001; w2(7)=6.3673712817e-001; 

