
%liczba neuronów ukrytych: 1, liczba wejœæ sieci: 4
%wejœcie 1: u(k-3)
%wejœcie 2: u(k-4)
%wejœcie 3: y(k-1)
%wejœcie 4: y(k-2)
%uczenie w trybie ARX
w10(1,1)=1.8697376957e-001; w1(1,1)=-7.5025468326e-003; w1(1,2)=-1.2728107479e-002; w1(1,3)=4.1955228660e-001; w1(1,4)=-1.3780754847e-001; 
w20=-6.4505397101e-001; w2(1)=3.5249073651e+000; 

