
%liczba neuronów ukrytych: 6, liczba wejœæ sieci: 4
%wejœcie 1: u(k-3)
%wejœcie 2: u(k-4)
%wejœcie 3: y(k-1)
%wejœcie 4: y(k-2)
%uczenie w trybie OE
w10(1,1)=-1.9347479391e+000; w1(1,1)=-2.7913106583e-002; w1(1,2)=1.5715586549e-001; w1(1,3)=-1.0768396013e+000; w1(1,4)=1.8091828916e-002; 
w10(2,1)=-2.0867247536e+000; w1(2,1)=1.8518296675e+000; w1(2,2)=8.2488724287e-001; w1(2,3)=-4.9363121495e-001; w1(2,4)=-6.9466265105e-001; 
w10(3,1)=-2.9757671017e-001; w1(3,1)=1.3877684849e+000; w1(3,2)=6.7378953306e-001; w1(3,3)=-1.7842363742e-001; w1(3,4)=3.0818748557e-001; 
w10(4,1)=-4.3296984977e-001; w1(4,1)=-6.5086308503e-003; w1(4,2)=-8.6190387015e-003; w1(4,3)=-1.7857568620e+000; w1(4,4)=8.3714054681e-001; 
w10(5,1)=-7.9641850809e-001; w1(5,1)=-2.8868308139e-002; w1(5,2)=8.5416520420e-003; w1(5,3)=1.4427794709e+000; w1(5,4)=-4.4742909518e-001; 
w10(6,1)=7.4766564680e-001; w1(6,1)=-1.9804725781e+000; w1(6,2)=8.1695748461e-001; w1(6,3)=1.8849781738e-001; w1(6,4)=-6.1445927397e-001; 
w20=-3.9855287367e-001; w2(1)=-6.1135665046e-001; w2(2)=-2.0641677071e-002; w2(3)=-6.6567737632e-002; w2(4)=-6.5940937628e-001; w2(5)=6.7856469403e-001; w2(6)=-7.3378703181e-002; 

