
%liczba neuronów ukrytych: 3, liczba wejœæ sieci: 4
%wejœcie 1: u(k-3)
%wejœcie 2: u(k-4)
%wejœcie 3: y(k-1)
%wejœcie 4: y(k-2)
%uczenie w trybie ARX
w10(1,1)=3.4008903471e-001; w1(1,1)=-1.4735057916e-001; w1(1,2)=-2.0520164247e-002; w1(1,3)=1.2158206475e+000; w1(1,4)=-7.1333002154e-001; 
w10(2,1)=1.7935179359e-001; w1(2,1)=-1.2602846550e-001; w1(2,2)=-1.3129426808e-002; w1(2,3)=8.6984114390e-001; w1(2,4)=-1.0450094445e+000; 
w10(3,1)=6.4469680897e-001; w1(3,1)=-3.8394311662e-001; w1(3,2)=1.5235978956e-001; w1(3,3)=1.0466597465e+000; w1(3,4)=-6.6959876898e-002; 
w20=-2.8457341190e-001; w2(1)=2.3501230902e+000; w2(2)=-1.2893118192e+000; w2(3)=-4.4889988593e-001; 

