
%liczba neuronów ukrytych: 1, liczba wejœæ sieci: 4
%wejœcie 1: u(k-3)
%wejœcie 2: u(k-4)
%wejœcie 3: y(k-1)
%wejœcie 4: y(k-2)
%uczenie w trybie OE
w10(1,1)=4.1906500437e-001; w1(1,1)=1.6633637091e-002; w1(1,2)=-3.0931167328e-001; w1(1,3)=-3.7989786543e-003; w1(1,4)=6.4788313770e-001; 
w20=-5.5582712196e-001; w2(1)=1.4897820995e+000; 

