
%liczba neuronów ukrytych: 4, liczba wejœæ sieci: 4
%wejœcie 1: u(k-3)
%wejœcie 2: u(k-4)
%wejœcie 3: y(k-1)
%wejœcie 4: y(k-2)
%uczenie w trybie OE
w10(1,1)=-1.7884549551e-001; w1(1,1)=-2.1606372146e-001; w1(1,2)=6.7400226412e-001; w1(1,3)=-1.4242749581e+000; w1(1,4)=1.3237732780e+000; 
w10(2,1)=4.5598966802e-001; w1(2,1)=3.4354165985e-002; w1(2,2)=-7.4865915808e-002; w1(2,3)=1.0458935465e-001; w1(2,4)=1.1372333921e-001; 
w10(3,1)=-7.1849238532e-001; w1(3,1)=6.8070837308e-002; w1(3,2)=-7.4152896879e-002; w1(3,3)=3.8483864361e-001; w1(3,4)=-1.9729501856e-002; 
w10(4,1)=-2.9753723310e-001; w1(4,1)=-2.2939579930e-001; w1(4,2)=5.5548182806e-001; w1(4,3)=-2.6971477333e-002; w1(4,4)=1.4309626548e-001; 
w20=-3.4329615942e-001; w2(1)=-8.7784816852e-001; w2(2)=2.8512945784e+000; w2(3)=1.0122908014e+000; w2(4)=1.4016287160e+000; 

