
%liczba neuronów ukrytych: 9, liczba wejœæ sieci: 4
%wejœcie 1: u(k-3)
%wejœcie 2: u(k-4)
%wejœcie 3: y(k-1)
%wejœcie 4: y(k-2)
%uczenie w trybie ARX
w10(1,1)=-7.5885445259e-002; w1(1,1)=-8.5242321459e-002; w1(1,2)=1.2238231658e-001; w1(1,3)=7.1536908479e-001; w1(1,4)=-5.7016273658e-001; 
w10(2,1)=1.0540765808e+000; w1(2,1)=3.4556228702e-001; w1(2,2)=7.6031382742e-001; w1(2,3)=7.6502198622e-001; w1(2,4)=-7.1455740534e-001; 
w10(3,1)=-1.3811178822e+000; w1(3,1)=-4.2947206991e-001; w1(3,2)=-5.2219586318e-001; w1(3,3)=-2.4298828740e-001; w1(3,4)=6.6799560962e-001; 
w10(4,1)=-3.6910433331e-001; w1(4,1)=7.2699273350e-002; w1(4,2)=5.3882836758e-001; w1(4,3)=-9.2568771120e-001; w1(4,4)=4.0492771624e-001; 
w10(5,1)=1.0959931503e+000; w1(5,1)=-1.5286058541e-001; w1(5,2)=-2.6193756823e-001; w1(5,3)=1.9205987813e-002; w1(5,4)=9.1080480889e-001; 
w10(6,1)=8.3604847542e-001; w1(6,1)=3.1351786421e-001; w1(6,2)=3.0253528864e-001; w1(6,3)=-3.0257622383e-001; w1(6,4)=-4.6998759203e-001; 
w10(7,1)=-6.6187320206e-001; w1(7,1)=-6.2032217721e-001; w1(7,2)=-7.7455577966e-001; w1(7,3)=5.1715851636e-001; w1(7,4)=8.6349325420e-002; 
w10(8,1)=1.1219338528e+000; w1(8,1)=-1.7865050336e-001; w1(8,2)=-9.8571097906e-003; w1(8,3)=2.8886638313e-001; w1(8,4)=5.3998702117e-001; 
w10(9,1)=-1.3067107129e+000; w1(9,1)=2.5426711872e-001; w1(9,2)=1.1212624110e+000; w1(9,3)=5.4221022013e-001; w1(9,4)=2.1033014640e-001; 
w20=-3.2337363088e-001; w2(1)=-7.9692908615e-001; w2(2)=8.8734674130e-001; w2(3)=6.0954971204e-001; w2(4)=-1.1171087547e+000; w2(5)=-7.0390575958e-001; w2(6)=-4.9396960604e-001; w2(7)=-6.6217103233e-002; w2(8)=1.3095345997e+000; w2(9)=5.5959176208e-001; 

