
%liczba neuronów ukrytych: 2, liczba wejœæ sieci: 4
%wejœcie 1: u(k-3)
%wejœcie 2: u(k-4)
%wejœcie 3: y(k-1)
%wejœcie 4: y(k-2)
%uczenie w trybie OE
w10(1,1)=3.0494520896e-001; w1(1,1)=1.9775832893e-002; w1(1,2)=-3.8571741851e-002; w1(1,3)=5.0036694989e-001; w1(1,4)=-8.7102104766e-002; 
w10(2,1)=3.4632637077e-001; w1(2,1)=-1.6743119805e+000; w1(2,2)=1.0955127054e+001; w1(2,3)=1.9907887021e+001; w1(2,4)=-1.6980537921e+001; 
w20=-6.9276134713e-001; w2(1)=2.4113982643e+000; w2(2)=-6.4560385678e-002; 

