
%liczba neuronów ukrytych: 6, liczba wejœæ sieci: 4
%wejœcie 1: u(k-3)
%wejœcie 2: u(k-4)
%wejœcie 3: y(k-1)
%wejœcie 4: y(k-2)
%uczenie w trybie OE
w10(1,1)=-3.2103985366e-001; w1(1,1)=-7.6650355270e-001; w1(1,2)=2.6216884024e-001; w1(1,3)=-7.0479556838e-001; w1(1,4)=-3.8831870143e-001; 
w10(2,1)=6.2113742664e-001; w1(2,1)=-3.3236004076e-001; w1(2,2)=-5.6821754628e-001; w1(2,3)=-3.9753239082e-002; w1(2,4)=-2.1198116082e-001; 
w10(3,1)=-1.4181898693e+000; w1(3,1)=2.5278325416e-002; w1(3,2)=-2.3835515957e-001; w1(3,3)=-1.0612055399e+000; w1(3,4)=1.7250858759e-001; 
w10(4,1)=5.1065032794e-001; w1(4,1)=4.3033131307e-002; w1(4,2)=-7.8453556436e-002; w1(4,3)=-1.1800685004e+000; w1(4,4)=4.1543024158e-001; 
w10(5,1)=-1.0909922372e+000; w1(5,1)=5.9590279503e-001; w1(5,2)=6.1935987663e-001; w1(5,3)=-1.8711111611e-001; w1(5,4)=7.4641242698e-001; 
w10(6,1)=-6.3107427574e-001; w1(6,1)=-1.9143865481e-001; w1(6,2)=1.0917225768e+000; w1(6,3)=-1.5769585287e+000; w1(6,4)=9.5834781463e-001; 
w20=-3.7310257706e-001; w2(1)=-1.3396599496e-001; w2(2)=5.1721961002e-001; w2(3)=-8.1480368992e-001; w2(4)=-9.2714299452e-001; w2(5)=4.7330850797e-001; w2(6)=-2.4307510676e-001; 

