
%liczba neuronów ukrytych: 3, liczba wejœæ sieci: 4
%wejœcie 1: u(k-3)
%wejœcie 2: u(k-4)
%wejœcie 3: y(k-1)
%wejœcie 4: y(k-2)
%uczenie w trybie OE
w10(1,1)=4.3325515556e-001; w1(1,1)=-1.5818701035e-001; w1(1,2)=4.4124386050e-001; w1(1,3)=2.3824098966e+000; w1(1,4)=-1.5987749212e+000; 
w10(2,1)=-5.1273447725e-001; w1(2,1)=-7.1928547035e-001; w1(2,2)=1.0128380468e+000; w1(2,3)=2.3851722279e+000; w1(2,4)=-2.9890442189e+000; 
w10(3,1)=-1.0418985574e+000; w1(3,1)=-1.8892461688e+000; w1(3,2)=6.2905763633e-001; w1(3,3)=2.1088631297e+000; w1(3,4)=-3.8502363612e+000; 
w20=-6.3545351798e-001; w2(1)=9.4537449319e-001; w2(2)=-1.2370442730e+000; w2(3)=3.8513198735e-001; 

