
%liczba neuronów ukrytych: 10, liczba wejœæ sieci: 4
%wejœcie 1: u(k-3)
%wejœcie 2: u(k-4)
%wejœcie 3: y(k-1)
%wejœcie 4: y(k-2)
%uczenie w trybie OE
w10(1,1)=-5.2155429280e-001; w1(1,1)=1.0272265446e+000; w1(1,2)=3.7909080375e-001; w1(1,3)=-3.4305069058e-001; w1(1,4)=2.3298159904e-001; 
w10(2,1)=1.0492383417e+000; w1(2,1)=-1.3444769418e+000; w1(2,2)=-1.3764594255e-001; w1(2,3)=-4.1399374524e-001; w1(2,4)=1.7279569363e-001; 
w10(3,1)=1.7129236496e-001; w1(3,1)=5.7060314297e-002; w1(3,2)=1.3798661563e-002; w1(3,3)=5.9867583961e-001; w1(3,4)=-2.0583677627e-001; 
w10(4,1)=-5.3820692699e-001; w1(4,1)=-6.8727132681e-001; w1(4,2)=-1.5292640489e+000; w1(4,3)=-5.6280508223e-001; w1(4,4)=-1.4301988700e-001; 
w10(5,1)=4.2625756344e-001; w1(5,1)=1.3997738604e-001; w1(5,2)=4.3028691958e-002; w1(5,3)=-3.3775002733e-001; w1(5,4)=1.7423940692e-002; 
w10(6,1)=-5.6055458769e-001; w1(6,1)=1.0424771061e+000; w1(6,2)=8.1842871783e-001; w1(6,3)=1.4652289334e-001; w1(6,4)=5.4401152255e-003; 
w10(7,1)=2.1639760068e+000; w1(7,1)=-3.2717011603e-001; w1(7,2)=-1.1983115625e+000; w1(7,3)=-3.1844100097e-001; w1(7,4)=7.3994819050e-001; 
w10(8,1)=3.0856088113e-001; w1(8,1)=-7.9725951522e-001; w1(8,2)=-1.1761867360e+000; w1(8,3)=-8.4294675836e-001; w1(8,4)=-3.4842654826e-001; 
w10(9,1)=3.6641619369e-001; w1(9,1)=1.0299139731e-001; w1(9,2)=-4.3677524830e-003; w1(9,3)=4.4085413826e-001; w1(9,4)=4.5486892456e-001; 
w10(10,1)=-1.6827851256e-001; w1(10,1)=1.7226472712e-001; w1(10,2)=4.2864972411e-001; w1(10,3)=3.5488791802e-001; w1(10,4)=-2.3327026329e-001; 
w20=-2.3683755378e-001; w2(1)=-2.8984786413e-001; w2(2)=-1.8961255888e-001; w2(3)=2.4762937929e+000; w2(4)=-1.3040073484e-002; w2(5)=-5.8231770226e-001; w2(6)=8.1706968359e-002; w2(7)=1.6311137187e-001; w2(8)=1.2436286921e-002; w2(9)=-2.2032263268e-001; w2(10)=-6.3028943539e-002; 

