
%liczba neuronów ukrytych: 3, liczba wejœæ sieci: 4
%wejœcie 1: u(k-3)
%wejœcie 2: u(k-4)
%wejœcie 3: y(k-1)
%wejœcie 4: y(k-2)
%uczenie w trybie OE
w10(1,1)=2.9514407925e-001; w1(1,1)=1.6228762957e-002; w1(1,2)=-2.7372584335e-002; w1(1,3)=4.2642416977e-001; w1(1,4)=-1.3734820060e-001; 
w10(2,1)=1.9805141411e-001; w1(2,1)=-2.5576345122e+000; w1(2,2)=-4.2500400709e-001; w1(2,3)=-3.7618428682e-001; w1(2,4)=1.6920170700e-001; 
w10(3,1)=-1.1374112972e+000; w1(3,1)=3.0167061956e+000; w1(3,2)=-2.7239207803e+000; w1(3,3)=-2.5879638396e+000; w1(3,4)=3.9809076530e+000; 
w20=-8.5625751148e-001; w2(1)=3.2856614745e+000; w2(2)=6.1520376880e-002; w2(3)=1.2104788253e-001; 

