
%liczba neuronów ukrytych: 6, liczba wejœæ sieci: 4
%wejœcie 1: u(k-3)
%wejœcie 2: u(k-4)
%wejœcie 3: y(k-1)
%wejœcie 4: y(k-2)
%uczenie w trybie OE
w10(1,1)=-6.8059819235e-002; w1(1,1)=-5.9115226521e-002; w1(1,2)=-1.7690879043e-001; w1(1,3)=1.1262625083e-001; w1(1,4)=2.7352114422e-001; 
w10(2,1)=-6.1714082802e-001; w1(2,1)=2.6974384362e-001; w1(2,2)=3.5183574940e-001; w1(2,3)=3.6999240841e-002; w1(2,4)=-3.6712219961e-001; 
w10(3,1)=-2.6282650544e-001; w1(3,1)=1.4820952328e-001; w1(3,2)=2.2825453715e-001; w1(3,3)=5.0545389007e-002; w1(3,4)=-4.3452613603e-001; 
w10(4,1)=2.5553009533e-002; w1(4,1)=-3.2014451315e-001; w1(4,2)=-2.1739468169e-001; w1(4,3)=-1.9614115905e-001; w1(4,4)=-3.3916377134e-001; 
w10(5,1)=-3.6906217700e-003; w1(5,1)=7.3825247507e-002; w1(5,2)=1.8279029620e-001; w1(5,3)=-6.8469686357e-002; w1(5,4)=-1.4379266289e-001; 
w10(6,1)=-2.7476950658e-002; w1(6,1)=5.2604141261e-002; w1(6,2)=9.6301840661e-003; w1(6,3)=1.0429487818e-001; w1(6,4)=3.3886682833e-001; 
w20=-3.5700215047e-001; w2(1)=3.8067726576e-001; w2(2)=-5.1183894337e-001; w2(3)=-5.2226699291e-001; w2(4)=-4.6272188832e-001; w2(5)=-1.2616501137e-001; w2(6)=4.0031479748e-001; 

