
%liczba neuronów ukrytych: 4, liczba wejœæ sieci: 4
%wejœcie 1: u(k-3)
%wejœcie 2: u(k-4)
%wejœcie 3: y(k-1)
%wejœcie 4: y(k-2)
%uczenie w trybie OE
w10(1,1)=-4.4330642566e-001; w1(1,1)=1.0146701942e-001; w1(1,2)=1.6648905991e-001; w1(1,3)=-6.5435015932e-002; w1(1,4)=-4.6708112117e-001; 
w10(2,1)=3.6033626150e-001; w1(2,1)=8.4466244728e-003; w1(2,2)=-2.0837990204e-001; w1(2,3)=2.1790026527e-001; w1(2,4)=3.1694273775e-001; 
w10(3,1)=1.1369653160e-001; w1(3,1)=2.9309934438e-002; w1(3,2)=-8.1940859993e-002; w1(3,3)=8.5848886708e-002; w1(3,4)=3.5742811245e-001; 
w10(4,1)=-1.8522192991e-002; w1(4,1)=3.0645852242e-002; w1(4,2)=-1.0994834336e-001; w1(4,3)=8.1512971181e-002; w1(4,4)=1.4856714494e-001; 
w20=-5.1673306177e-001; w2(1)=-6.5215914351e-001; w2(2)=5.8891211288e-001; w2(3)=5.4974242453e-001; w2(4)=1.9345389210e-001; 

