
%liczba neuronów ukrytych: 3, liczba wejœæ sieci: 4
%wejœcie 1: u(k-3)
%wejœcie 2: u(k-4)
%wejœcie 3: y(k-1)
%wejœcie 4: y(k-2)
%uczenie w trybie OE
w10(1,1)=1.2755074994e+000; w1(1,1)=3.6564622298e+000; w1(1,2)=-3.9530688753e+000; w1(1,3)=5.3573226369e+000; w1(1,4)=-6.4948507077e+000; 
w10(2,1)=-2.5735090732e-001; w1(2,1)=-1.1011367826e-001; w1(2,2)=1.1965869912e-001; w1(2,3)=-4.0016837792e-001; w1(2,4)=1.1217342069e-001; 
w10(3,1)=2.6952824394e-001; w1(3,1)=-3.0317871773e+000; w1(3,2)=-6.4203721281e-002; w1(3,3)=-2.1420120071e+000; w1(3,4)=1.8135347267e+000; 
w20=-7.2510262857e-001; w2(1)=-1.3340220741e-001; w2(2)=-3.2507579240e+000; w2(3)=8.3675308130e-002; 

