
%liczba neuronów ukrytych: 5, liczba wejœæ sieci: 4
%wejœcie 1: u(k-3)
%wejœcie 2: u(k-4)
%wejœcie 3: y(k-1)
%wejœcie 4: y(k-2)
%uczenie w trybie OE
w10(1,1)=1.3171851622e+000; w1(1,1)=9.4339661534e-001; w1(1,2)=-1.1214643513e+000; w1(1,3)=1.5723118172e-001; w1(1,4)=-5.9688827844e-002; 
w10(2,1)=1.2780215934e+000; w1(2,1)=-4.0984817665e-001; w1(2,2)=-1.7556182307e+000; w1(2,3)=-2.1339698988e+000; w1(2,4)=1.8317635889e+000; 
w10(3,1)=2.4667527646e-001; w1(3,1)=4.8203903096e-002; w1(3,2)=-5.2292446723e-002; w1(3,3)=6.3047479032e-001; w1(3,4)=-2.7175984429e-001; 
w10(4,1)=-1.7356497886e+000; w1(4,1)=1.1811640194e+000; w1(4,2)=1.4415236910e+000; w1(4,3)=5.6135054432e-001; w1(4,4)=-1.5986864917e-001; 
w10(5,1)=-9.9370820209e-001; w1(5,1)=-8.3774758443e-002; w1(5,2)=1.3671788516e-001; w1(5,3)=-4.1626395995e-001; w1(5,4)=2.0226929896e+000; 
w20=-3.9616957042e-001; w2(1)=-2.6702499357e-001; w2(2)=3.6614655056e-001; w2(3)=2.7002528136e+000; w2(4)=2.8841360107e-001; w2(5)=8.9004612327e-002; 

