
%liczba neuronów ukrytych: 2, liczba wejœæ sieci: 4
%wejœcie 1: u(k-3)
%wejœcie 2: u(k-4)
%wejœcie 3: y(k-1)
%wejœcie 4: y(k-2)
%uczenie w trybie OE
w10(1,1)=6.2753884356e-001; w1(1,1)=1.2378951209e-001; w1(1,2)=2.5460346687e-001; w1(1,3)=2.3685915026e+000; w1(1,4)=-1.4904071413e+000; 
w10(2,1)=-4.1910836417e-001; w1(2,1)=-3.8843324226e-002; w1(2,2)=-3.5898342071e-002; w1(2,3)=-1.1243447300e+000; w1(2,4)=5.5822312236e-001; 
w20=-7.0728408230e-001; w2(1)=-1.5169945262e+000; w2(2)=-3.9247481631e+000; 

