
%liczba neuronów ukrytych: 3, liczba wejœæ sieci: 4
%wejœcie 1: u(k-3)
%wejœcie 2: u(k-4)
%wejœcie 3: y(k-1)
%wejœcie 4: y(k-2)
%uczenie w trybie OE
w10(1,1)=-5.7892458425e-001; w1(1,1)=6.7944592367e-002; w1(1,2)=6.0193927337e-002; w1(1,3)=4.5080594438e-001; w1(1,4)=2.1365445791e-001; 
w10(2,1)=1.0030187210e-001; w1(2,1)=4.3222613454e-002; w1(2,2)=-5.0915860605e-001; w1(2,3)=2.5726425295e+000; w1(2,4)=-2.3424282899e+000; 
w10(3,1)=7.8864032732e-001; w1(3,1)=-5.3978003021e-002; w1(3,2)=8.8055185638e-002; w1(3,3)=3.8777170479e-001; w1(3,4)=1.0904271714e-001; 
w20=-5.7087230981e-001; w2(1)=9.2318659924e-001; w2(2)=4.0318808279e-001; w2(3)=1.5390021010e+000; 

