
%liczba neuronów ukrytych: 3, liczba wejœæ sieci: 4
%wejœcie 1: u(k-3)
%wejœcie 2: u(k-4)
%wejœcie 3: y(k-1)
%wejœcie 4: y(k-2)
%uczenie w trybie OE
w10(1,1)=-1.7695915487e-001; w1(1,1)=2.8589417580e-001; w1(1,2)=-7.6048647961e-002; w1(1,3)=-9.9255915450e-001; w1(1,4)=7.6648939987e-001; 
w10(2,1)=4.8386579163e-003; w1(2,1)=-4.3023702437e-001; w1(2,2)=1.5474814445e-001; w1(2,3)=5.3819149845e-001; w1(2,4)=-7.4933737749e-001; 
w10(3,1)=-1.0862299154e-001; w1(3,1)=-1.2511102739e+000; w1(3,2)=1.1777420195e-001; w1(3,3)=9.3256891078e-001; w1(3,4)=-1.3854331563e+000; 
w20=-4.0139123955e-001; w2(1)=-2.5182457784e+000; w2(2)=-2.3715331333e+000; w2(3)=2.4584155644e-001; 

