
%liczba neuronów ukrytych: 10, liczba wejœæ sieci: 4
%wejœcie 1: u(k-3)
%wejœcie 2: u(k-4)
%wejœcie 3: y(k-1)
%wejœcie 4: y(k-2)
%uczenie w trybie OE
w10(1,1)=-1.7523954741e-001; w1(1,1)=1.3744690566e+000; w1(1,2)=2.2554316819e+000; w1(1,3)=9.7212173724e-001; w1(1,4)=-6.4304007017e-001; 
w10(2,1)=-1.8096914575e+000; w1(2,1)=-6.5641652267e-001; w1(2,2)=1.0468592769e+000; w1(2,3)=-6.4762282768e-002; w1(2,4)=-7.1923120226e-001; 
w10(3,1)=-1.0311104827e-001; w1(3,1)=-5.4514431914e-001; w1(3,2)=-1.3898965315e-001; w1(3,3)=-1.4527875842e-001; w1(3,4)=6.3762745410e-002; 
w10(4,1)=-6.7001696364e-001; w1(4,1)=-1.0103077439e-003; w1(4,2)=-3.0102161439e-001; w1(4,3)=-3.5067108834e-001; w1(4,4)=6.9002781928e-001; 
w10(5,1)=-9.2102280077e-001; w1(5,1)=4.6276404279e-002; w1(5,2)=-1.9598514238e-001; w1(5,3)=-9.5018236796e-001; w1(5,4)=3.6863933742e-001; 
w10(6,1)=-4.7279890953e-001; w1(6,1)=-3.2637063544e-001; w1(6,2)=7.7813981731e-001; w1(6,3)=1.3153314472e+000; w1(6,4)=-7.9029045395e-001; 
w10(7,1)=-3.1441461383e-001; w1(7,1)=1.6481112255e+000; w1(7,2)=1.1180994830e+000; w1(7,3)=-4.5927082229e-001; w1(7,4)=1.3743630148e-001; 
w10(8,1)=8.5427484612e-001; w1(8,1)=-3.2959656606e-001; w1(8,2)=-7.5601615344e-001; w1(8,3)=1.0033446743e+000; w1(8,4)=-3.5656990739e-001; 
w10(9,1)=8.0201580811e-001; w1(9,1)=-4.0716366471e-001; w1(9,2)=6.9319153715e-001; w1(9,3)=4.1085658775e-001; w1(9,4)=-1.3218884751e+000; 
w10(10,1)=2.1155009786e-001; w1(10,1)=-2.3033271378e-001; w1(10,2)=2.0222006604e-001; w1(10,3)=-1.0418407715e+000; w1(10,4)=5.0145308070e-001; 
w20=-3.3052910100e-001; w2(1)=-1.4133614221e-002; w2(2)=-2.3537373427e-001; w2(3)=2.1951271421e-001; w2(4)=1.3860349597e-001; w2(5)=-8.0938090411e-001; w2(6)=3.9959373854e-001; w2(7)=-1.0003893053e-003; w2(8)=8.7911684398e-002; w2(9)=-1.1879501243e-001; w2(10)=-8.8966822191e-001; 

