
%liczba neuronów ukrytych: 9, liczba wejœæ sieci: 4
%wejœcie 1: u(k-3)
%wejœcie 2: u(k-4)
%wejœcie 3: y(k-1)
%wejœcie 4: y(k-2)
%uczenie w trybie OE
w10(1,1)=1.0429192810e+000; w1(1,1)=2.7776337355e-003; w1(1,2)=-7.4557363708e-001; w1(1,3)=-1.3376664648e+000; w1(1,4)=8.0490267613e-001; 
w10(2,1)=-2.0330344637e-001; w1(2,1)=4.2501656755e-001; w1(2,2)=1.2015120852e+000; w1(2,3)=2.5716823537e-001; w1(2,4)=-3.9574661989e-001; 
w10(3,1)=1.6793430387e+000; w1(3,1)=-2.1589143464e-001; w1(3,2)=5.0153680434e-001; w1(3,3)=-2.6076159049e-002; w1(3,4)=-7.2648154662e-001; 
w10(4,1)=-1.0419634103e+000; w1(4,1)=-6.4255274487e-001; w1(4,2)=7.8846037549e-001; w1(4,3)=-1.1882584641e-001; w1(4,4)=-2.6355406373e-001; 
w10(5,1)=1.6419714327e-001; w1(5,1)=-6.6917185524e-001; w1(5,2)=7.1584662093e-001; w1(5,3)=-3.8745517675e-001; w1(5,4)=-2.9450434616e-001; 
w10(6,1)=8.4215617530e-001; w1(6,1)=-1.1071618851e-001; w1(6,2)=3.3975250906e-001; w1(6,3)=9.4154922471e-001; w1(6,4)=-4.2100584870e-001; 
w10(7,1)=-1.2032819826e+000; w1(7,1)=1.8861865298e-001; w1(7,2)=4.7260849690e-001; w1(7,3)=1.0211746802e-001; w1(7,4)=2.5680302363e-002; 
w10(8,1)=5.7622315856e-001; w1(8,1)=2.8111416187e-001; w1(8,2)=-9.5874966037e-002; w1(8,3)=-3.6157678719e-001; w1(8,4)=1.7712506205e-001; 
w10(9,1)=-1.1230147683e+000; w1(9,1)=1.9808522512e+000; w1(9,2)=6.7100644158e-001; w1(9,3)=-2.5984435604e-001; w1(9,4)=1.0963281464e+000; 
w20=-5.5750591827e-001; w2(1)=-1.0495663414e+000; w2(2)=-1.6256673172e-001; w2(3)=-5.4722108482e-001; w2(4)=-3.7960342252e-001; w2(5)=-3.1526480141e-001; w2(6)=1.2683264225e+000; w2(7)=-1.2535985468e+000; w2(8)=-5.4004245769e-001; w2(9)=3.4257386747e-002; 

