
%liczba neuronów ukrytych: 2, liczba wejœæ sieci: 4
%wejœcie 1: u(k-3)
%wejœcie 2: u(k-4)
%wejœcie 3: y(k-1)
%wejœcie 4: y(k-2)
%uczenie w trybie OE
w10(1,1)=-2.9387332956e-001; w1(1,1)=-5.0703271093e-002; w1(1,2)=6.5854386964e-002; w1(1,3)=-5.1286430500e-001; w1(1,4)=1.1087337734e-001; 
w10(2,1)=-3.4137716716e-001; w1(2,1)=-3.5729513618e+000; w1(2,2)=-6.5235593951e+000; w1(2,3)=-2.3340819887e+001; w1(2,4)=2.0088716987e+001; 
w20=-6.9085113680e-001; w2(1)=-2.4846574755e+000; w2(2)=6.1206471123e-002; 

