
%liczba neuronów ukrytych: 7, liczba wejœæ sieci: 4
%wejœcie 1: u(k-3)
%wejœcie 2: u(k-4)
%wejœcie 3: y(k-1)
%wejœcie 4: y(k-2)
%uczenie w trybie OE
w10(1,1)=5.6098114053e-001; w1(1,1)=-8.3952704829e-003; w1(1,2)=-1.1837389752e-001; w1(1,3)=1.7985730963e-001; w1(1,4)=4.7680731169e-001; 
w10(2,1)=-1.1020168124e-001; w1(2,1)=-1.1287018209e-001; w1(2,2)=-1.2034656305e-001; w1(2,3)=-6.8589472952e-003; w1(2,4)=6.2373465717e-002; 
w10(3,1)=2.1331681899e-001; w1(3,1)=-7.0931721898e-002; w1(3,2)=-1.8494441463e-001; w1(3,3)=1.4271835711e-001; w1(3,4)=3.3661493468e-001; 
w10(4,1)=1.9463552245e-001; w1(4,1)=-7.0455042111e-002; w1(4,2)=-1.3742416993e-001; w1(4,3)=4.4083883340e-002; w1(4,4)=4.5256552282e-001; 
w10(5,1)=5.5449139763e-002; w1(5,1)=3.2230544786e-002; w1(5,2)=1.0438264742e-001; w1(5,3)=-1.0082773037e-002; w1(5,4)=-1.5161572458e-001; 
w10(6,1)=9.6634275697e-002; w1(6,1)=-1.3461530408e-002; w1(6,2)=1.2704478838e-001; w1(6,3)=-1.3922867770e-001; w1(6,4)=-1.1169896702e-001; 
w10(7,1)=-9.3619490346e-002; w1(7,1)=-6.2175155073e-002; w1(7,2)=-7.2291379359e-002; w1(7,3)=1.1716231717e-002; w1(7,4)=6.4243335403e-002; 
w20=-4.9408378865e-001; w2(1)=7.4129091572e-001; w2(2)=3.7958129713e-002; w2(3)=3.9898301479e-001; w2(4)=4.4034250636e-001; w2(5)=-1.4173799152e-001; w2(6)=-1.7012997940e-001; w2(7)=6.2311340866e-002; 

