
%liczba neuronów ukrytych: 8, liczba wejœæ sieci: 4
%wejœcie 1: u(k-3)
%wejœcie 2: u(k-4)
%wejœcie 3: y(k-1)
%wejœcie 4: y(k-2)
%uczenie w trybie OE
w10(1,1)=1.6382622161e+000; w1(1,1)=1.7850244704e-001; w1(1,2)=-8.5989057829e-001; w1(1,3)=-1.0160094320e+000; w1(1,4)=2.2990173076e+000; 
w10(2,1)=-5.5266426875e-001; w1(2,1)=-2.9178700548e-001; w1(2,2)=8.6679978247e-001; w1(2,3)=7.6725329039e-001; w1(2,4)=-9.8144544494e-001; 
w10(3,1)=7.3876536974e-001; w1(3,1)=-1.4611948052e-002; w1(3,2)=-5.9651151068e-002; w1(3,3)=5.9313889591e-001; w1(3,4)=-1.1365830292e-001; 
w10(4,1)=9.9869317245e-002; w1(4,1)=1.1098401790e-001; w1(4,2)=8.0697441739e-001; w1(4,3)=9.6764431971e-001; w1(4,4)=-1.1986560395e+000; 
w10(5,1)=1.8156477506e-003; w1(5,1)=-1.1478094086e+000; w1(5,2)=-1.0299230090e-001; w1(5,3)=5.1894282457e-001; w1(5,4)=-5.4889423138e-001; 
w10(6,1)=-3.2020378926e-001; w1(6,1)=-2.6355235552e-001; w1(6,2)=9.4896940743e-001; w1(6,3)=-1.3582870406e-001; w1(6,4)=-3.0875242274e-001; 
w10(7,1)=7.6311527421e-001; w1(7,1)=-1.4371500028e-001; w1(7,2)=1.2151744256e-001; w1(7,3)=-1.2275929420e+000; w1(7,4)=2.1786559584e-001; 
w10(8,1)=5.2224099406e-001; w1(8,1)=2.9633929274e-001; w1(8,2)=-3.8034009080e-001; w1(8,3)=5.7057658243e-002; w1(8,4)=3.8928856307e-001; 
w20=-7.9540408910e-001; w2(1)=-5.3257013106e-002; w2(2)=4.1974935118e-001; w2(3)=1.5696550882e+000; w2(4)=2.2765825464e-001; w2(5)=1.5556846247e-001; w2(6)=-3.0377236266e-001; w2(7)=-5.2457088674e-001; w2(8)=6.0419043515e-001; 

