
%liczba neuronów ukrytych: 10, liczba wejœæ sieci: 4
%wejœcie 1: u(k-3)
%wejœcie 2: u(k-4)
%wejœcie 3: y(k-1)
%wejœcie 4: y(k-2)
%uczenie w trybie ARX
w10(1,1)=-1.2997424148e+000; w1(1,1)=3.0853852309e-001; w1(1,2)=8.7959906419e-001; w1(1,3)=1.5673587330e-001; w1(1,4)=3.7862595612e-001; 
w10(2,1)=-7.8288415366e-001; w1(2,1)=-2.0501641856e-001; w1(2,2)=-1.6817528610e-001; w1(2,3)=4.3922205111e-001; w1(2,4)=4.8124045082e-001; 
w10(3,1)=1.6984762415e-001; w1(3,1)=5.9094244399e-001; w1(3,2)=1.1700733454e+000; w1(3,3)=1.1802079363e+000; w1(3,4)=-2.5589306365e-001; 
w10(4,1)=1.5777042353e-001; w1(4,1)=3.2955693925e-003; w1(4,2)=-5.6860999528e-001; w1(4,3)=7.2351390156e-001; w1(4,4)=-4.2974697335e-001; 
w10(5,1)=-7.0388490108e-002; w1(5,1)=-5.7524901507e-001; w1(5,2)=-7.1051021070e-001; w1(5,3)=1.3240492314e-001; w1(5,4)=-7.8379380922e-001; 
w10(6,1)=8.2189244972e-001; w1(6,1)=4.4431986151e-002; w1(6,2)=9.2001516211e-002; w1(6,3)=5.6256876324e-001; w1(6,4)=1.4138438125e-003; 
w10(7,1)=-1.0102494301e-001; w1(7,1)=4.3686973468e-002; w1(7,2)=1.7754934505e-001; w1(7,3)=-7.5158505118e-002; w1(7,4)=8.3773946781e-002; 
w10(8,1)=-1.2373580329e-001; w1(8,1)=3.6094404277e-001; w1(8,2)=-3.8023439046e-001; w1(8,3)=-2.1123061677e-001; w1(8,4)=-6.8338892675e-002; 
w10(9,1)=-8.3794180135e-001; w1(9,1)=-5.8369235816e-001; w1(9,2)=-1.0084152033e+000; w1(9,3)=-4.1919517949e-002; w1(9,4)=2.0191458195e-001; 
w10(10,1)=5.1640379638e-001; w1(10,1)=-6.5614061478e-002; w1(10,2)=-1.8764871005e-001; w1(10,3)=-1.0782005469e-002; w1(10,4)=4.2808599874e-001; 
w20=-3.4451801093e-001; w2(1)=4.0881297627e-001; w2(2)=2.7600910291e-001; w2(3)=-6.4317851558e-001; w2(4)=1.3317528853e+000; w2(5)=-8.2033984716e-001; w2(6)=9.0890762658e-001; w2(7)=6.3007880735e-002; w2(8)=-6.9518209224e-001; w2(9)=-2.7575882025e-001; w2(10)=-3.4004674742e-001; 

