
%liczba neuronów ukrytych: 2, liczba wejœæ sieci: 4
%wejœcie 1: u(k-3)
%wejœcie 2: u(k-4)
%wejœcie 3: y(k-1)
%wejœcie 4: y(k-2)
%uczenie w trybie OE
w10(1,1)=3.4632586694e-001; w1(1,1)=-1.6743760924e+000; w1(1,2)=1.0955259774e+001; w1(1,3)=1.9908126487e+001; w1(1,4)=-1.6980756535e+001; 
w10(2,1)=-3.0494441801e-001; w1(2,1)=-1.9775443682e-002; w1(2,2)=3.8571325008e-002; w1(2,3)=-5.0036615046e-001; w1(2,4)=8.7102752964e-002; 
w20=-6.9276208953e-001; w2(1)=-6.4560036981e-002; w2(2)=-2.4114060406e+000; 

