
%liczba neuronów ukrytych: 2, liczba wejœæ sieci: 4
%wejœcie 1: u(k-3)
%wejœcie 2: u(k-4)
%wejœcie 3: y(k-1)
%wejœcie 4: y(k-2)
%uczenie w trybie ARX
w10(1,1)=7.4865442865e-001; w1(1,1)=-9.2419570588e-002; w1(1,2)=-5.2246890193e-002; w1(1,3)=-1.2082750992e+000; w1(1,4)=-6.0005288422e-001; 
w10(2,1)=-5.4418118036e-001; w1(2,1)=2.8321701388e-002; w1(2,2)=5.7515834808e-002; w1(2,3)=-6.9889810133e-001; w1(2,4)=1.7785172463e-001; 
w20=-7.7022514007e-001; w2(1)=-2.1886971758e-001; w2(2)=-1.8272465360e+000; 

