
%liczba neuronów ukrytych: 5, liczba wejœæ sieci: 4
%wejœcie 1: u(k-3)
%wejœcie 2: u(k-4)
%wejœcie 3: y(k-1)
%wejœcie 4: y(k-2)
%uczenie w trybie OE
w10(1,1)=4.1865463876e-001; w1(1,1)=1.1444311803e+000; w1(1,2)=-1.4320819321e+000; w1(1,3)=2.6652075047e-001; w1(1,4)=-4.3290535135e-001; 
w10(2,1)=9.4269550544e-001; w1(2,1)=4.8533080606e-001; w1(2,2)=-5.1609966733e-001; w1(2,3)=2.1074107969e-001; w1(2,4)=2.6531218937e-001; 
w10(3,1)=3.6052105612e-002; w1(3,1)=-9.6963645905e-001; w1(3,2)=-1.4035725964e+000; w1(3,3)=-4.3567399995e-001; w1(3,4)=2.1863584069e-001; 
w10(4,1)=5.2032056337e-001; w1(4,1)=-5.1430316003e-001; w1(4,2)=5.2820289100e-001; w1(4,3)=-4.3350846200e-001; w1(4,4)=-1.7865401795e-001; 
w10(5,1)=3.4109995435e-001; w1(5,1)=-6.6777207562e-001; w1(5,2)=5.6909000208e-001; w1(5,3)=2.1762852782e+000; w1(5,4)=-1.7667187550e+000; 
w20=-5.9456866989e-001; w2(1)=-3.0434931590e-001; w2(2)=1.2641340746e+000; w2(3)=3.1947235255e-002; w2(4)=-8.9329463899e-001; w2(5)=6.3932642536e-001; 

