
%liczba neuronów ukrytych: 6, liczba wejœæ sieci: 4
%wejœcie 1: u(k-3)
%wejœcie 2: u(k-4)
%wejœcie 3: y(k-1)
%wejœcie 4: y(k-2)
%uczenie w trybie OE
w10(1,1)=-1.1525318629e+000; w1(1,1)=2.3126390290e+000; w1(1,2)=-1.5746093968e-001; w1(1,3)=-4.5783381173e-001; w1(1,4)=8.3009457536e-001; 
w10(2,1)=1.0968678466e+000; w1(2,1)=7.1111205286e-003; w1(2,2)=-1.1886371476e-001; w1(2,3)=2.9897938714e-001; w1(2,4)=2.1016083762e-001; 
w10(3,1)=-2.2531970436e-002; w1(3,1)=6.5004061465e-003; w1(3,2)=-6.5347356944e-002; w1(3,3)=-1.2957512762e+000; w1(3,4)=7.5042381819e-001; 
w10(4,1)=-5.5636120306e-001; w1(4,1)=1.4644936221e+000; w1(4,2)=6.9620032132e-001; w1(4,3)=1.8216359986e-001; w1(4,4)=3.3992621595e-001; 
w10(5,1)=-8.0765405803e-001; w1(5,1)=1.1068257163e+000; w1(5,2)=8.6586564567e-001; w1(5,3)=4.0653343233e-001; w1(5,4)=-5.2037849910e-001; 
w10(6,1)=-8.3838184332e-001; w1(6,1)=5.8447731851e-002; w1(6,2)=-2.2306871153e-001; w1(6,3)=-1.7416308309e-001; w1(6,4)=1.2207940825e+000; 
w20=-7.3666564093e-001; w2(1)=8.0272443744e-002; w2(2)=1.0866154623e+000; w2(3)=-1.1645653341e+000; w2(4)=-4.1046767086e-002; w2(5)=-7.5653592433e-002; w2(6)=2.3846615425e-001; 

