
%liczba neuronów ukrytych: 10, liczba wejœæ sieci: 4
%wejœcie 1: u(k-3)
%wejœcie 2: u(k-4)
%wejœcie 3: y(k-1)
%wejœcie 4: y(k-2)
%uczenie w trybie OE
w10(1,1)=5.8632320966e-001; w1(1,1)=-1.9063832502e-001; w1(1,2)=2.7593278085e-001; w1(1,3)=-9.1697434384e-001; w1(1,4)=2.4425986758e-001; 
w10(2,1)=-6.4690496263e-001; w1(2,1)=-2.7335864845e-001; w1(2,2)=4.1517549837e-001; w1(2,3)=-1.4106040355e+000; w1(2,4)=6.1776075769e-001; 
w10(3,1)=9.9355466010e-002; w1(3,1)=9.4544819509e-001; w1(3,2)=4.3291710427e-001; w1(3,3)=8.7069641707e-004; w1(3,4)=2.3631000939e-001; 
w10(4,1)=-3.0539608023e-001; w1(4,1)=-5.4167323353e-001; w1(4,2)=5.4114884831e-001; w1(4,3)=3.8797477734e-001; w1(4,4)=-2.6013048334e-002; 
w10(5,1)=-7.4020432880e-001; w1(5,1)=9.1690262806e-002; w1(5,2)=-6.2221254641e-001; w1(5,3)=3.2280403187e-001; w1(5,4)=9.9800895984e-001; 
w10(6,1)=6.7539411813e-001; w1(6,1)=1.0121734193e+000; w1(6,2)=1.6566950439e+000; w1(6,3)=5.9188071305e-001; w1(6,4)=-2.9067720860e-001; 
w10(7,1)=-4.5903128839e-001; w1(7,1)=-3.7976671208e-002; w1(7,2)=-1.1366179456e+000; w1(7,3)=-4.8602250057e-001; w1(7,4)=5.9789127653e-001; 
w10(8,1)=9.2893985600e-001; w1(8,1)=1.4079016292e+000; w1(8,2)=1.0586035506e+000; w1(8,3)=-1.6921689809e-001; w1(8,4)=-3.4722395165e-001; 
w10(9,1)=1.8905234528e-001; w1(9,1)=-5.9280870073e-001; w1(9,2)=-2.4068490001e-001; w1(9,3)=-7.7493636579e-001; w1(9,4)=3.1247621946e-001; 
w10(10,1)=-2.1602357876e+000; w1(10,1)=-2.7077594024e-001; w1(10,2)=4.5585792089e-001; w1(10,3)=-1.8733360678e-001; w1(10,4)=-9.9453142387e-001; 
w20=-4.2649528338e-002; w2(1)=-9.4107159836e-001; w2(2)=-5.9009578887e-001; w2(3)=-2.2852595490e-001; w2(4)=3.7467376000e-001; w2(5)=-6.6639317010e-004; w2(6)=8.7470785196e-003; w2(7)=-1.1370671112e-001; w2(8)=9.3988385879e-003; w2(9)=-2.4432714333e-001; w2(10)=-3.2965122565e-001; 

