
%liczba neuronów ukrytych: 2, liczba wejœæ sieci: 4
%wejœcie 1: u(k-3)
%wejœcie 2: u(k-4)
%wejœcie 3: y(k-1)
%wejœcie 4: y(k-2)
%uczenie w trybie OE
w10(1,1)=-6.6024760984e-002; w1(1,1)=-2.2716871607e-001; w1(1,2)=-4.1963361699e-001; w1(1,3)=1.6007660137e-001; w1(1,4)=1.2375558388e-001; 
w10(2,1)=-4.7203523977e-001; w1(2,1)=-4.5207993698e-002; w1(2,2)=2.2179750078e-001; w1(2,3)=-9.7364398742e-002; w1(2,4)=-5.7599471559e-001; 
w20=-5.4579712250e-001; w2(1)=2.5290077994e-001; w2(2)=-1.3391149113e+000; 

