
%liczba neuronów ukrytych: 2, liczba wejœæ sieci: 4
%wejœcie 1: u(k-3)
%wejœcie 2: u(k-4)
%wejœcie 3: y(k-1)
%wejœcie 4: y(k-2)
%uczenie w trybie OE
w10(1,1)=-1.7249649898e-002; w1(1,1)=-4.2880997843e-002; w1(1,2)=2.0125440210e-001; w1(1,3)=-1.2894545328e-001; w1(1,4)=-4.8528799719e-001; 
w10(2,1)=-5.6661397628e-001; w1(2,1)=2.5801618736e-002; w1(2,2)=2.5744676047e-001; w1(2,3)=-2.4756646714e-002; w1(2,4)=-5.6743729981e-001; 
w20=-5.3053999488e-001; w2(1)=-6.2078471803e-001; w2(2)=-1.0568237401e+000; 

