
%liczba neuronów ukrytych: 9, liczba wejœæ sieci: 4
%wejœcie 1: u(k-3)
%wejœcie 2: u(k-4)
%wejœcie 3: y(k-1)
%wejœcie 4: y(k-2)
%uczenie w trybie ARX
w10(1,1)=-1.0063477510e+000; w1(1,1)=3.4791374704e-001; w1(1,2)=5.6602914733e-001; w1(1,3)=1.0940643071e-001; w1(1,4)=1.8190244659e-001; 
w10(2,1)=2.0668852691e-001; w1(2,1)=3.7703138717e-001; w1(2,2)=1.6035990295e+000; w1(2,3)=1.3662207715e+000; w1(2,4)=-2.5180799754e-001; 
w10(3,1)=-1.1324804259e+000; w1(3,1)=-9.3122439667e-001; w1(3,2)=-1.1656575024e+000; w1(3,3)=1.3867977797e-001; w1(3,4)=-2.7901614867e-002; 
w10(4,1)=1.0115000009e+000; w1(4,1)=-2.3852952027e-001; w1(4,2)=5.0936086796e-001; w1(4,3)=5.8038746072e-001; w1(4,4)=1.3448255017e-001; 
w10(5,1)=1.1357578179e-001; w1(5,1)=2.6474034070e-001; w1(5,2)=1.1844292062e+000; w1(5,3)=-1.6212098679e-001; w1(5,4)=9.9931732137e-001; 
w10(6,1)=6.4326653069e-001; w1(6,1)=3.8585531583e-001; w1(6,2)=-1.8155247054e-001; w1(6,3)=-4.0339505899e-001; w1(6,4)=-2.8017369805e-001; 
w10(7,1)=-6.0510219990e-001; w1(7,1)=-1.2540094351e-001; w1(7,2)=2.9114548073e-001; w1(7,3)=2.1913458586e-001; w1(7,4)=2.3255159168e-001; 
w10(8,1)=-6.2554445685e-001; w1(8,1)=-1.4664025712e-002; w1(8,2)=-7.8361582765e-002; w1(8,3)=2.7332917347e-001; w1(8,4)=1.9619983541e-001; 
w10(9,1)=1.9954169426e-001; w1(9,1)=3.8284017247e-002; w1(9,2)=-4.5633425349e-001; w1(9,3)=8.3327616300e-001; w1(9,4)=-5.4037874377e-001; 
w20=-4.6506892630e-002; w2(1)=5.5998444848e-001; w2(2)=-6.2584862185e-001; w2(3)=-1.8948168580e-001; w2(4)=5.6639246617e-001; w2(5)=7.4334474146e-001; w2(6)=-4.2477952447e-001; w2(7)=2.7310369082e-001; w2(8)=-4.1918219432e-002; w2(9)=1.5059157067e+000; 

