
%liczba neuronów ukrytych: 7, liczba wejœæ sieci: 4
%wejœcie 1: u(k-3)
%wejœcie 2: u(k-4)
%wejœcie 3: y(k-1)
%wejœcie 4: y(k-2)
%uczenie w trybie OE
w10(1,1)=2.2833210565e-001; w1(1,1)=2.1493727995e-001; w1(1,2)=-1.3028499422e-001; w1(1,3)=1.1091545248e+000; w1(1,4)=-6.1168247600e-001; 
w10(2,1)=3.5510037360e-001; w1(2,1)=-3.3331319580e-001; w1(2,2)=-6.3957767602e-001; w1(2,3)=1.3608083137e+000; w1(2,4)=-1.0311386602e+000; 
w10(3,1)=-5.6907248799e-001; w1(3,1)=-9.8177050634e-001; w1(3,2)=-7.1628955341e-001; w1(3,3)=-1.3031092273e+000; w1(3,4)=5.2560128348e-001; 
w10(4,1)=1.8783742291e+000; w1(4,1)=-4.9288630473e-001; w1(4,2)=6.1788518453e-001; w1(4,3)=2.1967677552e-001; w1(4,4)=9.4802493235e-001; 
w10(5,1)=2.9197590296e-001; w1(5,1)=2.0377500575e+000; w1(5,2)=2.7713012957e+000; w1(5,3)=1.8868993167e+000; w1(5,4)=8.0474121111e-001; 
w10(6,1)=-5.4680079988e-001; w1(6,1)=-5.6810264481e-002; w1(6,2)=1.5637384173e-001; w1(6,3)=-1.0657646472e-001; w1(6,4)=7.0484142008e-001; 
w10(7,1)=-1.3326012427e-001; w1(7,1)=-2.4055528036e+000; w1(7,2)=-2.6557160501e+000; w1(7,3)=-2.3895921724e+000; w1(7,4)=-3.0724932164e-001; 
w20=-2.2137735539e-001; w2(1)=1.2169102083e+000; w2(2)=1.9232334385e-001; w2(3)=8.6346750846e-002; w2(4)=3.0916103418e-001; w2(5)=4.7323835913e-002; w2(6)=7.5075155331e-001; w2(7)=4.8368745868e-002; 

