
%liczba neuronów ukrytych: 5, liczba wejœæ sieci: 4
%wejœcie 1: u(k-3)
%wejœcie 2: u(k-4)
%wejœcie 3: y(k-1)
%wejœcie 4: y(k-2)
%uczenie w trybie OE
w10(1,1)=8.2499132387e-001; w1(1,1)=1.6270017073e-001; w1(1,2)=-4.3419761354e-002; w1(1,3)=4.9519784514e-001; w1(1,4)=-3.4534992026e-002; 
w10(2,1)=-8.6022270233e-001; w1(2,1)=8.7798024302e-001; w1(2,2)=1.0799426591e+000; w1(2,3)=5.0125777220e-001; w1(2,4)=2.7681081799e-001; 
w10(3,1)=5.0800939406e-001; w1(3,1)=-1.7289180033e-002; w1(3,2)=3.7927490707e-002; w1(3,3)=-6.3790603792e-001; w1(3,4)=2.0917466684e-001; 
w10(4,1)=-5.4998632180e-001; w1(4,1)=7.6055272706e-001; w1(4,2)=8.5254799350e-002; w1(4,3)=-1.3340591455e+000; w1(4,4)=1.0549641965e+000; 
w10(5,1)=8.0444224979e-001; w1(5,1)=-6.7746361180e-001; w1(5,2)=-1.6916272891e+000; w1(5,3)=-1.8271696439e+000; w1(5,4)=9.1346840036e-001; 
w20=-2.2915996035e-001; w2(1)=1.2747505467e+000; w2(2)=5.5315689522e-001; w2(3)=-1.5210559279e+000; w2(4)=-4.0946429332e-001; w2(5)=3.8884330670e-001; 

