
%liczba neuronów ukrytych: 4, liczba wejœæ sieci: 4
%wejœcie 1: u(k-3)
%wejœcie 2: u(k-4)
%wejœcie 3: y(k-1)
%wejœcie 4: y(k-2)
%uczenie w trybie ARX
w10(1,1)=2.1164878166e-001; w1(1,1)=-1.8325236305e-001; w1(1,2)=-3.2044806974e-001; w1(1,3)=-1.2973762454e-001; w1(1,4)=8.1488833250e-001; 
w10(2,1)=-2.2303117919e-001; w1(2,1)=-5.8607959474e-002; w1(2,2)=-2.6978765774e-001; w1(2,3)=1.2588159097e+000; w1(2,4)=-5.2335035886e-001; 
w10(3,1)=3.4492488663e-001; w1(3,1)=-1.8518987269e-002; w1(3,2)=-1.2148340190e-001; w1(3,3)=7.2055283663e-001; w1(3,4)=-7.4865913185e-001; 
w10(4,1)=5.5430696334e-001; w1(4,1)=-7.3810343887e-002; w1(4,2)=-2.0897360942e-001; w1(4,3)=1.1601525342e+000; w1(4,4)=-7.1046019939e-001; 
w20=1.5465593849e-001; w2(1)=-6.5244270627e-001; w2(2)=9.1797819739e-001; w2(3)=-2.6038858576e+000; w2(4)=2.0784149990e+000; 

