
%liczba neuronów ukrytych: 8, liczba wejœæ sieci: 4
%wejœcie 1: u(k-3)
%wejœcie 2: u(k-4)
%wejœcie 3: y(k-1)
%wejœcie 4: y(k-2)
%uczenie w trybie ARX
w10(1,1)=-8.4069725888e-001; w1(1,1)=1.6318470644e-001; w1(1,2)=-7.2895805386e-002; w1(1,3)=3.4220942135e-002; w1(1,4)=-4.3214855994e-001; 
w10(2,1)=5.2747954238e-001; w1(2,1)=-4.3797396305e-001; w1(2,2)=-2.9833929878e-001; w1(2,3)=-1.2378066315e+000; w1(2,4)=7.2792808567e-002; 
w10(3,1)=1.2115747398e+000; w1(3,1)=2.3615621231e-001; w1(3,2)=4.1795795625e-001; w1(3,3)=3.8730549881e-001; w1(3,4)=-9.3769949214e-001; 
w10(4,1)=-9.4625234205e-001; w1(4,1)=4.3963285586e-001; w1(4,2)=6.2941164258e-001; w1(4,3)=5.3577425780e-001; w1(4,4)=1.8361411773e-001; 
w10(5,1)=-3.2180725725e-001; w1(5,1)=8.1868731737e-002; w1(5,2)=5.0865466099e-001; w1(5,3)=-7.4267019283e-001; w1(5,4)=2.9439802772e-001; 
w10(6,1)=-1.0755572724e+000; w1(6,1)=1.1423039290e-001; w1(6,2)=3.3168353088e-001; w1(6,3)=-6.0228803097e-001; w1(6,4)=-7.1421653459e-001; 
w10(7,1)=-9.3963298981e-001; w1(7,1)=-6.0598737381e-002; w1(7,2)=1.7813469919e-001; w1(7,3)=3.6786071641e-001; w1(7,4)=-5.0569387327e-001; 
w10(8,1)=1.0775902118e+000; w1(8,1)=4.7134415043e-001; w1(8,2)=8.7662984352e-001; w1(8,3)=1.0925795094e+000; w1(8,4)=-8.5843762845e-001; 
w20=-3.0518944700e-001; w2(1)=-9.2722027636e-001; w2(2)=3.5376014099e-001; w2(3)=-1.0135916794e+000; w2(4)=9.7958733730e-001; w2(5)=-1.2119506357e+000; w2(6)=1.0380458436e-001; w2(7)=-3.4722524122e-001; w2(8)=6.5918538070e-001; 

