
%liczba neuronów ukrytych: 6, liczba wejœæ sieci: 4
%wejœcie 1: u(k-3)
%wejœcie 2: u(k-4)
%wejœcie 3: y(k-1)
%wejœcie 4: y(k-2)
%uczenie w trybie OE
w10(1,1)=-6.1375094981e-001; w1(1,1)=-2.9594923605e-002; w1(1,2)=2.5067060771e-002; w1(1,3)=1.2768956809e+000; w1(1,4)=-1.4964344398e+000; 
w10(2,1)=2.2095462681e-001; w1(2,1)=-3.9948865070e-001; w1(2,2)=-4.6278305817e-001; w1(2,3)=-2.9883603177e-001; w1(2,4)=6.4145937141e-001; 
w10(3,1)=3.4847995489e-001; w1(3,1)=2.5027137964e-001; w1(3,2)=-7.5564777286e-001; w1(3,3)=2.4394606489e+000; w1(3,4)=-2.0094711549e+000; 
w10(4,1)=-9.1560262082e-001; w1(4,1)=1.9511258101e+000; w1(4,2)=1.5433666264e+000; w1(4,3)=-8.4788840881e-001; w1(4,4)=6.8911873671e-001; 
w10(5,1)=7.0694065581e-001; w1(5,1)=-4.8892181289e-002; w1(5,2)=-2.6535918387e-001; w1(5,3)=1.0192918713e-001; w1(5,4)=-3.5732467904e-001; 
w10(6,1)=-3.6260811890e-001; w1(6,1)=8.6802696213e-002; w1(6,2)=8.9832485627e-001; w1(6,3)=-2.3941493558e-002; w1(6,4)=-4.5053919594e-001; 
w20=3.0192009822e-001; w2(1)=-1.1490701211e+000; w2(2)=9.7470147350e-001; w2(3)=1.2661910053e+000; w2(4)=2.4086526853e-002; w2(5)=-2.0411304430e+000; w2(6)=8.7838691656e-001; 

