
%liczba neuronów ukrytych: 3, liczba wejœæ sieci: 4
%wejœcie 1: u(k-3)
%wejœcie 2: u(k-4)
%wejœcie 3: y(k-1)
%wejœcie 4: y(k-2)
%uczenie w trybie OE
w10(1,1)=-5.5350351937e-002; w1(1,1)=-1.4750171529e-001; w1(1,2)=-1.3729465631e-001; w1(1,3)=-1.5226522086e-001; w1(1,4)=-1.2085789130e-001; 
w10(2,1)=5.0161826326e-001; w1(2,1)=2.0803615654e-002; w1(2,2)=-2.9528063981e-001; w1(2,3)=-4.0591284700e-002; w1(2,4)=6.5476742124e-001; 
w10(3,1)=1.0300229799e-001; w1(3,1)=2.2387744173e-001; w1(3,2)=1.4166619216e-001; w1(3,3)=-2.1104192857e-001; w1(3,4)=-2.5815441860e-001; 
w20=-5.2497061675e-001; w2(1)=-1.6934883949e-001; w2(2)=1.2466178024e+000; w2(3)=-3.5843536685e-001; 

