
%liczba neuronów ukrytych: 2, liczba wejœæ sieci: 4
%wejœcie 1: u(k-3)
%wejœcie 2: u(k-4)
%wejœcie 3: y(k-1)
%wejœcie 4: y(k-2)
%uczenie w trybie OE
w10(1,1)=3.5954513841e-001; w1(1,1)=-1.2677531169e-001; w1(1,2)=-2.4928072495e-001; w1(1,3)=1.3639532402e-002; w1(1,4)=5.2579508221e-001; 
w10(2,1)=-4.2808677696e-001; w1(2,1)=-4.6356571702e-002; w1(2,2)=1.8382172905e-001; w1(2,3)=-1.5053611898e-001; w1(2,4)=-4.9464246210e-001; 
w20=-5.7579886002e-001; w2(1)=7.0898735589e-001; w2(2)=-8.9346821243e-001; 

