
%liczba neuronów ukrytych: 6, liczba wejœæ sieci: 4
%wejœcie 1: u(k-3)
%wejœcie 2: u(k-4)
%wejœcie 3: y(k-1)
%wejœcie 4: y(k-2)
%uczenie w trybie OE
w10(1,1)=3.0173968055e-001; w1(1,1)=8.1055759359e-002; w1(1,2)=-2.1539558999e-001; w1(1,3)=8.4015973087e-002; w1(1,4)=4.2576549423e-001; 
w10(2,1)=1.5673032140e-002; w1(2,1)=-4.7930091628e-002; w1(2,2)=1.4409803896e-002; w1(2,3)=-9.6994100020e-002; w1(2,4)=-3.5253482855e-001; 
w10(3,1)=2.3020604633e-001; w1(3,1)=-3.9127571913e-001; w1(3,2)=-4.5024659237e-001; w1(3,3)=1.8288052641e-002; w1(3,4)=1.4525379814e-001; 
w10(4,1)=-2.2487296333e-002; w1(4,1)=-2.1824748340e-001; w1(4,2)=-7.3654198819e-002; w1(4,3)=-1.9911149896e-001; w1(4,4)=-2.7842828511e-001; 
w10(5,1)=-5.1158513316e-002; w1(5,1)=2.5124852060e-002; w1(5,2)=1.5977444014e-001; w1(5,3)=-1.3369670863e-001; w1(5,4)=-2.5310136712e-001; 
w10(6,1)=6.0262441141e-001; w1(6,1)=-2.2508075413e-001; w1(6,2)=-3.1880276323e-001; w1(6,3)=8.8915935410e-002; w1(6,4)=3.0583968418e-001; 
w20=-4.3408576837e-001; w2(1)=5.6872991525e-001; w2(2)=-3.8070501376e-001; w2(3)=1.1903385248e-001; w2(4)=-3.9852062485e-001; w2(5)=-3.0996784218e-001; w2(6)=4.3459479281e-001; 

