
%liczba neuronów ukrytych: 10, liczba wejœæ sieci: 4
%wejœcie 1: u(k-3)
%wejœcie 2: u(k-4)
%wejœcie 3: y(k-1)
%wejœcie 4: y(k-2)
%uczenie w trybie OE
w10(1,1)=-9.8755001722e-002; w1(1,1)=-6.1209082045e-002; w1(1,2)=-4.2707988445e-002; w1(1,3)=-3.5509688746e-002; w1(1,4)=1.4013694302e-001; 
w10(2,1)=-4.7112854033e-002; w1(2,1)=-1.0892247673e-001; w1(2,2)=4.2307393874e-002; w1(2,3)=-2.4610139594e-002; w1(2,4)=-1.1167718579e-002; 
w10(3,1)=1.9819870302e-002; w1(3,1)=-7.0409180856e-002; w1(3,2)=1.5235066248e-002; w1(3,3)=-4.0930776464e-002; w1(3,4)=1.0808891275e-002; 
w10(4,1)=-4.1058221602e-001; w1(4,1)=3.5206552606e-002; w1(4,2)=1.8601814687e-001; w1(4,3)=-1.3705044303e-001; w1(4,4)=-3.8575083525e-001; 
w10(5,1)=1.8944685597e-002; w1(5,1)=-1.9579410495e-002; w1(5,2)=-1.0008680011e-001; w1(5,3)=1.6053407465e-001; w1(5,4)=1.2484000071e-001; 
w10(6,1)=-1.4292820370e-001; w1(6,1)=-1.6707095034e-001; w1(6,2)=6.0053875638e-002; w1(6,3)=-1.6614262670e-001; w1(6,4)=-3.3577390130e-001; 
w10(7,1)=2.2732439085e-002; w1(7,1)=-3.7129358582e-002; w1(7,2)=2.8380536232e-002; w1(7,3)=1.2152712689e-001; w1(7,4)=-4.6419661553e-002; 
w10(8,1)=6.0779180170e-002; w1(8,1)=1.0159607554e-001; w1(8,2)=2.5914049929e-002; w1(8,3)=8.7001895103e-002; w1(8,4)=2.9174981837e-002; 
w10(9,1)=2.5429507067e-001; w1(9,1)=5.6612693860e-002; w1(9,2)=-1.6939781764e-001; w1(9,3)=1.1574403510e-001; w1(9,4)=3.5495088210e-001; 
w10(10,1)=3.7878552012e-001; w1(10,1)=-1.8042623179e-001; w1(10,2)=-3.2260948425e-001; w1(10,3)=6.4697307920e-002; w1(10,4)=3.4149508349e-001; 
w20=-5.0189410300e-001; w2(1)=1.0550268260e-001; w2(2)=-7.5929155726e-002; w2(3)=9.4025471624e-003; w2(4)=-5.0650336083e-001; w2(5)=2.0776677747e-001; w2(6)=-4.4912929658e-001; w2(7)=2.7798508606e-002; w2(8)=1.1708232501e-001; w2(9)=4.3985623626e-001; w2(10)=3.8929926043e-001; 

