
%liczba neuronów ukrytych: 10, liczba wejœæ sieci: 4
%wejœcie 1: u(k-3)
%wejœcie 2: u(k-4)
%wejœcie 3: y(k-1)
%wejœcie 4: y(k-2)
%uczenie w trybie ARX
w10(1,1)=1.0390948496e+000; w1(1,1)=-1.1708729743e-001; w1(1,2)=1.7009324113e-002; w1(1,3)=5.7147551627e-001; w1(1,4)=-4.1654773971e-002; 
w10(2,1)=-7.7751827278e-003; w1(2,1)=-5.1625303303e-001; w1(2,2)=-4.8313714105e-001; w1(2,3)=-2.1722143679e-001; w1(2,4)=4.4749287008e-001; 
w10(3,1)=1.4374084175e-001; w1(3,1)=8.1562264477e-002; w1(3,2)=-5.1382195247e-001; w1(3,3)=1.1263157695e+000; w1(3,4)=-6.0199626523e-001; 
w10(4,1)=6.6669228133e-001; w1(4,1)=4.1904070577e-001; w1(4,2)=-8.2577841436e-002; w1(4,3)=-2.6779863695e-001; w1(4,4)=-5.0556717695e-001; 
w10(5,1)=-1.0867665617e+000; w1(5,1)=3.1249561882e-001; w1(5,2)=3.3275422262e-001; w1(5,3)=1.8123648106e-001; w1(5,4)=1.4484194194e-001; 
w10(6,1)=-1.5926847788e-001; w1(6,1)=9.4780627794e-002; w1(6,2)=-1.0126146878e-002; w1(6,3)=5.2944609709e-002; w1(6,4)=1.2724713782e-001; 
w10(7,1)=7.2276601294e-003; w1(7,1)=1.9883164275e-001; w1(7,2)=7.8371583705e-002; w1(7,3)=-4.8698133608e-001; w1(7,4)=1.1802640599e-001; 
w10(8,1)=1.4603098274e-001; w1(8,1)=9.7971774067e-001; w1(8,2)=1.1659254907e+000; w1(8,3)=1.1729726323e+000; w1(8,4)=-1.8996608281e-001; 
w10(9,1)=6.2582936277e-003; w1(9,1)=7.6255268468e-001; w1(9,2)=6.9869802689e-001; w1(9,3)=-3.9859852234e-001; w1(9,4)=9.3402845154e-001; 
w10(10,1)=2.8408204669e-001; w1(10,1)=-8.7149958485e-001; w1(10,2)=-7.7078812436e-001; w1(10,3)=3.4262838737e-002; w1(10,4)=5.0119345179e-002; 
w20=-4.1970514661e-001; w2(1)=1.2291031090e+000; w2(2)=-6.7360603933e-001; w2(3)=7.1972128834e-001; w2(4)=-5.4582747405e-001; w2(5)=5.0860543877e-001; w2(6)=-6.8141279635e-002; w2(7)=-1.9329448801e-001; w2(8)=-4.6161102719e-001; w2(9)=7.6485885822e-001; w2(10)=4.8410715769e-001; 

