
%liczba neuronów ukrytych: 9, liczba wejœæ sieci: 4
%wejœcie 1: u(k-3)
%wejœcie 2: u(k-4)
%wejœcie 3: y(k-1)
%wejœcie 4: y(k-2)
%uczenie w trybie OE
w10(1,1)=-6.0340188508e-001; w1(1,1)=7.8326698007e-002; w1(1,2)=-1.3369349854e-001; w1(1,3)=-7.4614050492e-001; w1(1,4)=2.4170672687e-001; 
w10(2,1)=1.8469992844e-001; w1(2,1)=1.6572026441e+000; w1(2,2)=1.1208735963e+000; w1(2,3)=-1.6846708102e-001; w1(2,4)=3.8960591142e-001; 
w10(3,1)=5.9065715364e-001; w1(3,1)=-7.7360086542e-002; w1(3,2)=7.2828285451e-001; w1(3,3)=2.9633920515e-001; w1(3,4)=-7.5907786034e-001; 
w10(4,1)=4.9470315047e-001; w1(4,1)=-7.3168312948e-001; w1(4,2)=-1.0795865498e-001; w1(4,3)=-6.4175939216e-001; w1(4,4)=-9.5176784988e-001; 
w10(5,1)=-1.0167487918e+000; w1(5,1)=-3.0051953627e-003; w1(5,2)=1.5077496364e+000; w1(5,3)=9.1460921865e-001; w1(5,4)=-2.5284780817e-001; 
w10(6,1)=-7.4934909667e-001; w1(6,1)=1.0315008392e+000; w1(6,2)=1.6663047225e+000; w1(6,3)=-4.9997962737e-001; w1(6,4)=-4.1330775278e-001; 
w10(7,1)=3.1699614057e-001; w1(7,1)=4.0629844362e-001; w1(7,2)=-1.6273606967e-001; w1(7,3)=5.0785726619e-002; w1(7,4)=9.5039851889e-001; 
w10(8,1)=7.0269021782e-001; w1(8,1)=7.3488983486e-001; w1(8,2)=-1.6010826351e+000; w1(8,3)=1.8431070598e-001; w1(8,4)=-1.0899141991e-001; 
w10(9,1)=-4.8337469878e-001; w1(9,1)=4.3715129141e-001; w1(9,2)=-2.4790839933e-001; w1(9,3)=7.1190821962e-001; w1(9,4)=3.7154680631e-001; 
w20=-7.9262743095e-001; w2(1)=-1.8236395875e+000; w2(2)=-3.7023376161e-002; w2(3)=-3.6510485805e-002; w2(4)=1.1341011170e-001; w2(5)=1.1282667986e-001; w2(6)=-2.2131864106e-002; w2(7)=-1.2686463997e-001; w2(8)=2.4200457946e-001; w2(9)=5.5923935185e-001; 

