
%liczba neuronów ukrytych: 6, liczba wejœæ sieci: 4
%wejœcie 1: u(k-3)
%wejœcie 2: u(k-4)
%wejœcie 3: y(k-1)
%wejœcie 4: y(k-2)
%uczenie w trybie OE
w10(1,1)=9.4631663773e-002; w1(1,1)=2.0801163463e-001; w1(1,2)=1.8189665210e-001; w1(1,3)=-3.7880774931e-002; w1(1,4)=-5.3098024227e-002; 
w10(2,1)=7.2595980221e-002; w1(2,1)=-5.9492556314e-002; w1(2,2)=-2.5132772717e-002; w1(2,3)=2.1398334159e-001; w1(2,4)=2.8780411916e-001; 
w10(3,1)=3.5640906774e-002; w1(3,1)=-2.9197340478e-002; w1(3,2)=1.0854603972e-001; w1(3,3)=-1.3145568521e-001; w1(3,4)=-1.8137225251e-001; 
w10(4,1)=-6.7315359074e-002; w1(4,1)=-5.2238153858e-002; w1(4,2)=-2.4313312263e-001; w1(4,3)=3.0751637139e-002; w1(4,4)=2.2931840651e-001; 
w10(5,1)=5.8115487799e-001; w1(5,1)=-1.3460215648e-001; w1(5,2)=-3.0415925203e-001; w1(5,3)=4.5621827660e-002; w1(5,4)=4.4946543362e-001; 
w10(6,1)=-7.5541034775e-003; w1(6,1)=-1.9027441603e-001; w1(6,2)=-3.2279143538e-002; w1(6,3)=-1.8573414006e-001; w1(6,4)=-3.5659733096e-001; 
w20=-3.7684987781e-001; w2(1)=-4.1389028680e-002; w2(2)=4.1612251628e-001; w2(3)=-2.7364835109e-001; w2(4)=2.0115519727e-001; w2(5)=7.3091707798e-001; w2(6)=-5.0323277009e-001; 

