
%liczba neuronów ukrytych: 5, liczba wejœæ sieci: 4
%wejœcie 1: u(k-3)
%wejœcie 2: u(k-4)
%wejœcie 3: y(k-1)
%wejœcie 4: y(k-2)
%uczenie w trybie OE
w10(1,1)=4.0828703491e-001; w1(1,1)=-8.4999661115e-002; w1(1,2)=-1.9936855885e-001; w1(1,3)=2.1781492394e-001; w1(1,4)=2.7512072558e-001; 
w10(2,1)=3.4435808744e-001; w1(2,1)=-2.1804076435e-001; w1(2,2)=-4.5750565770e-001; w1(2,3)=1.0818451443e-001; w1(2,4)=2.3542089110e-001; 
w10(3,1)=2.9650377215e-002; w1(3,1)=-1.4416364047e-001; w1(3,2)=-2.7088628776e-002; w1(3,3)=-9.0044773469e-002; w1(3,4)=-3.1285755924e-001; 
w10(4,1)=2.4475408298e-001; w1(4,1)=-2.3880021912e-002; w1(4,2)=-2.1279355687e-001; w1(4,3)=6.2486452105e-002; w1(4,4)=3.5939712866e-001; 
w10(5,1)=-3.0847653994e-001; w1(5,1)=8.6845881590e-003; w1(5,2)=-7.0410100033e-003; w1(5,3)=-1.4665282606e-001; w1(5,4)=-4.1474827584e-001; 
w20=-4.8515248616e-001; w2(1)=4.5052985821e-001; w2(2)=2.6991817090e-001; w2(3)=-4.3643163057e-001; w2(4)=3.8218407085e-001; w2(5)=-5.3209889502e-001; 

