
%liczba neuronów ukrytych: 3, liczba wejœæ sieci: 4
%wejœcie 1: u(k-3)
%wejœcie 2: u(k-4)
%wejœcie 3: y(k-1)
%wejœcie 4: y(k-2)
%uczenie w trybie OE
w10(1,1)=9.2179207190e-001; w1(1,1)=-2.9875571576e-001; w1(1,2)=-9.6801754102e-002; w1(1,3)=-6.9141164708e-001; w1(1,4)=1.4516977173e+000; 
w10(2,1)=-1.2534194967e-001; w1(2,1)=5.2306170937e-002; w1(2,2)=1.2702176395e-001; w1(2,3)=1.0165023306e+000; w1(2,4)=-2.0189967949e+000; 
w10(3,1)=3.1807125558e-001; w1(3,1)=-3.5658851746e-001; w1(3,2)=1.5575800391e-001; w1(3,3)=-1.9457886848e+000; w1(3,4)=2.9644092799e+000; 
w20=-5.9437382195e-001; w2(1)=1.1835909809e+000; w2(2)=-2.0884449870e+000; w2(3)=-1.7043472936e+000; 

