
%liczba neuronów ukrytych: 4, liczba wejœæ sieci: 4
%wejœcie 1: u(k-3)
%wejœcie 2: u(k-4)
%wejœcie 3: y(k-1)
%wejœcie 4: y(k-2)
%uczenie w trybie OE
w10(1,1)=-2.1591361274e-001; w1(1,1)=1.0646874540e+000; w1(1,2)=-7.6634512560e-001; w1(1,3)=-1.1777299170e+000; w1(1,4)=1.2524231534e+000; 
w10(2,1)=-1.4457641462e-001; w1(2,1)=1.1125026655e+000; w1(2,2)=-6.1842407784e-001; w1(2,3)=-2.0020727394e+000; w1(2,4)=1.8720736861e+000; 
w10(3,1)=1.2679158446e+000; w1(3,1)=3.8813435184e-001; w1(3,2)=-1.3994535372e+000; w1(3,3)=-2.7766873367e+000; w1(3,4)=1.0862176759e+000; 
w10(4,1)=-2.3614873162e-001; w1(4,1)=-1.0086394829e-001; w1(4,2)=7.5036018760e-002; w1(4,3)=-2.2449415435e-001; w1(4,4)=-4.4774470240e-002; 
w20=-6.3558464754e-001; w2(1)=4.4736664091e-001; w2(2)=-6.8200394035e-001; w2(3)=-1.0322581841e-001; w2(4)=-3.1098951083e+000; 

