
%liczba neuronów ukrytych: 8, liczba wejœæ sieci: 4
%wejœcie 1: u(k-3)
%wejœcie 2: u(k-4)
%wejœcie 3: y(k-1)
%wejœcie 4: y(k-2)
%uczenie w trybie OE
w10(1,1)=-5.2726519541e-001; w1(1,1)=-1.0588945557e-001; w1(1,2)=-7.9288021572e-003; w1(1,3)=6.7811649008e-001; w1(1,4)=-2.4930106824e-001; 
w10(2,1)=2.5456238033e-001; w1(2,1)=6.8452856511e-001; w1(2,2)=7.7076365852e-001; w1(2,3)=4.8742378571e-001; w1(2,4)=1.1027775762e+000; 
w10(3,1)=-6.3061464386e-001; w1(3,1)=-2.3528974684e-001; w1(3,2)=1.0660030757e-001; w1(3,3)=-2.9766951609e-001; w1(3,4)=-8.1773126276e-002; 
w10(4,1)=5.9161183089e-001; w1(4,1)=-6.5657190018e-001; w1(4,2)=2.0773302897e-001; w1(4,3)=4.4803533574e-001; w1(4,4)=-7.0155148821e-001; 
w10(5,1)=8.4308207022e-001; w1(5,1)=-1.2100100527e+000; w1(5,2)=-1.1634809498e+000; w1(5,3)=6.3963394727e-002; w1(5,4)=-2.6204256082e-001; 
w10(6,1)=4.6520832069e-001; w1(6,1)=-8.3281553892e-001; w1(6,2)=3.2132176846e-001; w1(6,3)=1.5196940697e+000; w1(6,4)=-1.2866582819e+000; 
w10(7,1)=-1.8153621303e-002; w1(7,1)=-6.9230688773e-001; w1(7,2)=-1.1787230156e-001; w1(7,3)=3.5874695195e-001; w1(7,4)=-4.7869128481e-001; 
w10(8,1)=9.0255365073e-001; w1(8,1)=-1.4207888185e+000; w1(8,2)=-1.0402788586e+000; w1(8,3)=1.6963522978e-001; w1(8,4)=-3.2603904015e-001; 
w20=-1.9795583929e-001; w2(1)=9.3651833055e-001; w2(2)=-2.4037296908e-002; w2(3)=-1.4305471989e+000; w2(4)=-9.3836685939e-001; w2(5)=3.8279273215e-001; w2(6)=8.2965964128e-001; w2(7)=6.1080579831e-002; w2(8)=-3.7077443830e-001; 

