
%liczba neuronów ukrytych: 6, liczba wejœæ sieci: 4
%wejœcie 1: u(k-3)
%wejœcie 2: u(k-4)
%wejœcie 3: y(k-1)
%wejœcie 4: y(k-2)
%uczenie w trybie OE
w10(1,1)=-5.8113572201e-002; w1(1,1)=-1.2079030362e-001; w1(1,2)=1.5151117410e-002; w1(1,3)=-7.3973886022e-001; w1(1,4)=2.2885902049e-001; 
w10(2,1)=1.2442913343e+000; w1(2,1)=8.6213040272e-002; w1(2,2)=-1.4797031621e+000; w1(2,3)=4.1796340975e-001; w1(2,4)=-7.9007118927e-001; 
w10(3,1)=-8.3896485698e-001; w1(3,1)=-2.7361880527e-001; w1(3,2)=2.9372501289e-001; w1(3,3)=6.1169765118e-001; w1(3,4)=1.6750777162e-001; 
w10(4,1)=-3.7221937096e-001; w1(4,1)=1.1130010616e-001; w1(4,2)=4.2269791075e-001; w1(4,3)=-1.7591043572e+000; w1(4,4)=1.4548101823e+000; 
w10(5,1)=1.4156719007e+000; w1(5,1)=-1.4868911422e-001; w1(5,2)=1.5091660868e-001; w1(5,3)=1.7020353925e-001; w1(5,4)=6.0462541790e-001; 
w10(6,1)=5.0314655478e-001; w1(6,1)=-3.9511118924e-003; w1(6,2)=-3.5802980191e-001; w1(6,3)=2.6516147372e-001; w1(6,4)=-2.2129109510e-001; 
w20=-3.7634308566e-001; w2(1)=-1.1496443018e+000; w2(2)=-1.0510468742e-001; w2(3)=4.3154026765e-001; w2(4)=-3.9478104858e-001; w2(5)=5.1868665149e-001; w2(6)=2.0028946830e-001; 

