
%liczba neuronów ukrytych: 6, liczba wejœæ sieci: 4
%wejœcie 1: u(k-3)
%wejœcie 2: u(k-4)
%wejœcie 3: y(k-1)
%wejœcie 4: y(k-2)
%uczenie w trybie OE
w10(1,1)=4.6741344478e-001; w1(1,1)=-3.9459386251e-001; w1(1,2)=-1.0685108914e+000; w1(1,3)=-6.6109235779e-001; w1(1,4)=5.0154616157e-001; 
w10(2,1)=2.7822988202e-001; w1(2,1)=1.1197112257e+000; w1(2,2)=5.5634523947e-001; w1(2,3)=-7.0497331708e-002; w1(2,4)=2.3167599248e-001; 
w10(3,1)=-1.1033824379e+000; w1(3,1)=1.4849975705e+000; w1(3,2)=4.4000230078e-001; w1(3,3)=-2.7670166639e-001; w1(3,4)=6.6299167972e-001; 
w10(4,1)=-1.8444490375e-001; w1(4,1)=-2.9173403887e-001; w1(4,2)=4.3084232045e-001; w1(4,3)=-3.5578576908e-001; w1(4,4)=1.3035474385e-001; 
w10(5,1)=-1.0174568509e-001; w1(5,1)=-1.7399658706e-001; w1(5,2)=2.6788484733e-001; w1(5,3)=1.9599651230e-001; w1(5,4)=7.9485969685e-002; 
w10(6,1)=2.5184853363e-001; w1(6,1)=-7.6801145346e-003; w1(6,2)=-1.2003317901e+000; w1(6,3)=-6.0361918244e-001; w1(6,4)=4.9205809084e-001; 
w20=-2.8840346609e-001; w2(1)=1.1152532114e+000; w2(2)=-1.7242602976e-001; w2(3)=1.6756707236e-001; w2(4)=-2.5463656885e+000; w2(5)=1.4418165788e+000; w2(6)=-1.3527607975e+000; 

