
%liczba neuronów ukrytych: 10, liczba wejœæ sieci: 4
%wejœcie 1: u(k-3)
%wejœcie 2: u(k-4)
%wejœcie 3: y(k-1)
%wejœcie 4: y(k-2)
%uczenie w trybie OE
w10(1,1)=1.7599191324e+000; w1(1,1)=4.5116514087e-001; w1(1,2)=-7.1891438430e-001; w1(1,3)=-2.2622837129e-001; w1(1,4)=1.0667945928e+000; 
w10(2,1)=6.0158466151e-001; w1(2,1)=-1.2864421898e-001; w1(2,2)=-2.8166118891e-002; w1(2,3)=9.8737450473e-001; w1(2,4)=-5.9959286372e-001; 
w10(3,1)=-1.1914770340e-001; w1(3,1)=-3.8268597002e-001; w1(3,2)=3.5916678492e-001; w1(3,3)=1.0860448227e-001; w1(3,4)=-4.4975459899e-001; 
w10(4,1)=1.1790330265e-001; w1(4,1)=8.0327326553e-002; w1(4,2)=-1.4995705193e-001; w1(4,3)=-6.9377714649e-001; w1(4,4)=3.4127070816e-001; 
w10(5,1)=2.0529358619e-001; w1(5,1)=4.3749279009e-001; w1(5,2)=-5.8617628272e-001; w1(5,3)=-1.3073958392e+000; w1(5,4)=1.0532352572e+000; 
w10(6,1)=-3.3259001637e-001; w1(6,1)=-1.1496089798e+000; w1(6,2)=1.3421648298e+000; w1(6,3)=-4.0639818839e-001; w1(6,4)=3.8991153299e-001; 
w10(7,1)=7.4346999924e-001; w1(7,1)=-1.5023697823e+000; w1(7,2)=-8.6482385329e-001; w1(7,3)=3.5699344958e-001; w1(7,4)=-8.8525856306e-002; 
w10(8,1)=-6.0173951025e-001; w1(8,1)=2.0477434033e-001; w1(8,2)=-3.7344262864e-001; w1(8,3)=3.4802176669e-001; w1(8,4)=1.9442001571e-001; 
w10(9,1)=-5.7797270206e-001; w1(9,1)=7.3874549902e-001; w1(9,2)=1.7879704177e+000; w1(9,3)=1.2342965483e+000; w1(9,4)=-5.3421316804e-001; 
w10(10,1)=9.3410627027e-001; w1(10,1)=-1.5151276565e+000; w1(10,2)=-7.5907589280e-001; w1(10,3)=1.4956814959e-001; w1(10,4)=-6.3940393699e-001; 
w20=-1.9656864334e-001; w2(1)=2.3604776214e-001; w2(2)=6.8174282039e-001; w2(3)=-6.0057246318e-001; w2(4)=-6.5622956783e-001; w2(5)=-5.3318099806e-001; w2(6)=-1.2380842989e-002; w2(7)=3.6267186947e-002; w2(8)=5.2355489332e-001; w2(9)=-3.8635398660e-002; w2(10)=-5.9902200201e-002; 

