
%liczba neuronów ukrytych: 8, liczba wejœæ sieci: 4
%wejœcie 1: u(k-3)
%wejœcie 2: u(k-4)
%wejœcie 3: y(k-1)
%wejœcie 4: y(k-2)
%uczenie w trybie ARX
w10(1,1)=-2.3861090948e-001; w1(1,1)=-4.0857915824e-001; w1(1,2)=-1.9439877998e-001; w1(1,3)=-2.3713867842e-002; w1(1,4)=5.5724755300e-001; 
w10(2,1)=1.0431148882e+000; w1(2,1)=5.8184901380e-002; w1(2,2)=-4.1871529905e-001; w1(2,3)=-2.5107621089e-001; w1(2,4)=-5.0986509120e-001; 
w10(3,1)=7.8639952186e-001; w1(3,1)=-1.8483763019e-001; w1(3,2)=-2.3583084467e-001; w1(3,3)=4.1696607411e-001; w1(3,4)=5.0707299100e-001; 
w10(4,1)=4.6421930847e-001; w1(4,1)=2.3970146598e-001; w1(4,2)=1.8759766702e-001; w1(4,3)=6.2334401531e-001; w1(4,4)=4.0552126142e-002; 
w10(5,1)=-4.1259605052e-001; w1(5,1)=-4.8606305724e-001; w1(5,2)=-6.3454167491e-001; w1(5,3)=-1.4921802697e+000; w1(5,4)=6.8498251673e-001; 
w10(6,1)=-2.2401501981e-001; w1(6,1)=2.1667445641e-001; w1(6,2)=5.5448393033e-001; w1(6,3)=-6.5306073203e-001; w1(6,4)=3.2535191515e-001; 
w10(7,1)=-1.2189462609e+000; w1(7,1)=9.2847448112e-002; w1(7,2)=-4.9653035366e-001; w1(7,3)=-7.7822957754e-001; w1(7,4)=2.5464471120e-001; 
w10(8,1)=-1.6100896804e-001; w1(8,1)=-3.2882351855e-001; w1(8,2)=-3.2005675210e-001; w1(8,3)=-3.4910073411e-001; w1(8,4)=-1.0902889457e-001; 
w20=-4.7206113240e-001; w2(1)=-3.2724792904e-001; w2(2)=-9.7430412782e-001; w2(3)=-1.6111182361e-001; w2(4)=1.3569434944e+000; w2(5)=7.6752608399e-001; w2(6)=-1.0333229051e+000; w2(7)=-8.0461075307e-001; w2(8)=-4.4301803378e-001; 

