
%liczba neuronów ukrytych: 6, liczba wejœæ sieci: 4
%wejœcie 1: u(k-3)
%wejœcie 2: u(k-4)
%wejœcie 3: y(k-1)
%wejœcie 4: y(k-2)
%uczenie w trybie ARX
w10(1,1)=-3.2374128802e-001; w1(1,1)=4.2012329629e-001; w1(1,2)=6.0593901093e-001; w1(1,3)=-1.0502841601e+000; w1(1,4)=7.3264250644e-001; 
w10(2,1)=-1.7612073131e-001; w1(2,1)=4.8616113136e-001; w1(2,2)=5.1556315757e-001; w1(2,3)=5.5393986192e-001; w1(2,4)=9.6942324086e-001; 
w10(3,1)=1.2594488513e+000; w1(3,1)=-2.6675759578e-001; w1(3,2)=-4.1842330145e-001; w1(3,3)=-1.2119690821e+000; w1(3,4)=-9.2040169919e-002; 
w10(4,1)=4.5635910863e-001; w1(4,1)=1.1088639839e+000; w1(4,2)=3.7685369819e-001; w1(4,3)=2.5675074760e+000; w1(4,4)=-1.5339532021e+000; 
w10(5,1)=5.7130900217e-001; w1(5,1)=6.3133493495e-001; w1(5,2)=1.7121607651e-002; w1(5,3)=1.1279082322e+000; w1(5,4)=-2.4624498754e-001; 
w10(6,1)=1.5184748906e+000; w1(6,1)=2.2843017138e-002; w1(6,2)=2.8260623360e-001; w1(6,3)=6.9841231006e-001; w1(6,4)=-1.7666041335e-003; 
w20=-8.0960560538e-001; w2(1)=-5.1921296346e-001; w2(2)=1.3205981387e-001; w2(3)=-5.8222291392e-001; w2(4)=-4.2526895924e-001; w2(5)=8.8698980429e-001; w2(6)=9.8171331694e-001; 

