
%liczba neuronów ukrytych: 2, liczba wejœæ sieci: 4
%wejœcie 1: u(k-3)
%wejœcie 2: u(k-4)
%wejœcie 3: y(k-1)
%wejœcie 4: y(k-2)
%uczenie w trybie OE
w10(1,1)=4.4958992220e-001; w1(1,1)=4.3407482275e-002; w1(1,2)=-1.7581193547e-001; w1(1,3)=1.0575800310e-001; w1(1,4)=5.6284641257e-001; 
w10(2,1)=-1.0025185574e-003; w1(2,1)=4.7542979875e-001; w1(2,2)=5.2872854122e-001; w1(2,3)=-5.1654354426e-002; w1(2,4)=-1.3569947407e-001; 
w20=-5.5911438818e-001; w2(1)=1.3885127489e+000; w2(2)=-2.1098403943e-001; 

