
%liczba neuronów ukrytych: 6, liczba wejœæ sieci: 4
%wejœcie 1: u(k-3)
%wejœcie 2: u(k-4)
%wejœcie 3: y(k-1)
%wejœcie 4: y(k-2)
%uczenie w trybie OE
w10(1,1)=1.2588435809e+000; w1(1,1)=-8.1408839072e-001; w1(1,2)=1.4790706430e-001; w1(1,3)=5.5635303749e-001; w1(1,4)=-1.1423210528e+000; 
w10(2,1)=9.7468361385e-002; w1(2,1)=-3.5163504603e-001; w1(2,2)=2.0006625907e-001; w1(2,3)=1.6612224218e+000; w1(2,4)=-1.3641115818e+000; 
w10(3,1)=-7.2372075875e-001; w1(3,1)=4.1520209929e-001; w1(3,2)=5.6987344788e-001; w1(3,3)=-1.6146978307e+000; w1(3,4)=1.3545520093e+000; 
w10(4,1)=1.0550590687e-001; w1(4,1)=6.7469308688e-001; w1(4,2)=1.9538939329e+000; w1(4,3)=5.1792434722e-001; w1(4,4)=3.1547655791e-001; 
w10(5,1)=-2.2149513949e-001; w1(5,1)=-2.6748577542e-001; w1(5,2)=1.6790150575e-001; w1(5,3)=4.4350639623e-001; w1(5,4)=-7.8643397000e-001; 
w10(6,1)=6.0920839608e-001; w1(6,1)=-1.0600943276e-001; w1(6,2)=1.3804675169e-001; w1(6,3)=-6.2087066087e-001; w1(6,4)=1.8416019173e+000; 
w20=-3.0965778903e-001; w2(1)=-2.6538707094e-001; w2(2)=1.3684666405e+000; w2(3)=-8.8346318892e-002; w2(4)=-1.9758130725e-002; w2(5)=-1.7899182236e+000; w2(6)=-7.3370729145e-002; 

