
%liczba neuronów ukrytych: 10, liczba wejœæ sieci: 4
%wejœcie 1: u(k-3)
%wejœcie 2: u(k-4)
%wejœcie 3: y(k-1)
%wejœcie 4: y(k-2)
%uczenie w trybie ARX
w10(1,1)=2.0401930094e-001; w1(1,1)=-3.6562826076e-001; w1(1,2)=-6.3305262932e-001; w1(1,3)=-5.7191920459e-002; w1(1,4)=-4.0332992957e-001; 
w10(2,1)=8.9241564081e-001; w1(2,1)=3.7618277840e-001; w1(2,2)=-2.9014403710e-002; w1(2,3)=-2.0528360120e-001; w1(2,4)=-5.1011720863e-001; 
w10(3,1)=-1.0713708775e+000; w1(3,1)=-9.1619620352e-001; w1(3,2)=-9.9611490287e-001; w1(3,3)=1.2118414010e-001; w1(3,4)=1.2042667609e-001; 
w10(4,1)=2.2380729783e-001; w1(4,1)=3.1679827954e-001; w1(4,2)=1.1084071137e-001; w1(4,3)=-3.1486419855e-001; w1(4,4)=-2.0997827377e-001; 
w10(5,1)=-2.2927522106e-001; w1(5,1)=-8.0199650742e-002; w1(5,2)=5.8555719566e-001; w1(5,3)=-1.1072856607e+000; w1(5,4)=8.3921780981e-001; 
w10(6,1)=4.5684196972e-002; w1(6,1)=4.6983935699e-001; w1(6,2)=1.2541487070e+000; w1(6,3)=1.7790653879e+000; w1(6,4)=-9.2289633566e-001; 
w10(7,1)=-9.2216798791e-001; w1(7,1)=1.8652397195e-001; w1(7,2)=-2.3143588449e-001; w1(7,3)=-3.9157960267e-001; w1(7,4)=-1.9379634228e-001; 
w10(8,1)=-1.0504885557e-001; w1(8,1)=6.8603923165e-002; w1(8,2)=1.9882357643e-001; w1(8,3)=2.4900972906e-002; w1(8,4)=-2.0980522239e-002; 
w10(9,1)=5.0431221520e-002; w1(9,1)=1.2812639723e-001; w1(9,2)=-3.1463231084e-001; w1(9,3)=-1.9921653413e-001; w1(9,4)=1.3279863381e-001; 
w10(10,1)=-1.8376364299e-004; w1(10,1)=-3.6057327618e-001; w1(10,2)=-9.1301435681e-002; w1(10,3)=2.5277248083e-001; w1(10,4)=3.2644477272e-001; 
w20=-3.3021607690e-001; w2(1)=-1.1505501109e+000; w2(2)=-4.8629510128e-001; w2(3)=-1.9550101285e-001; w2(4)=-1.3552765308e-001; w2(5)=-1.1173334218e+000; w2(6)=-5.8152101846e-001; w2(7)=-8.2936446903e-001; w2(8)=1.8908971761e-001; w2(9)=-4.5773126077e-001; w2(10)=1.4979440601e-001; 

