
%liczba neuronów ukrytych: 5, liczba wejœæ sieci: 4
%wejœcie 1: u(k-3)
%wejœcie 2: u(k-4)
%wejœcie 3: y(k-1)
%wejœcie 4: y(k-2)
%uczenie w trybie OE
w10(1,1)=1.1113171213e+000; w1(1,1)=-1.1375567240e-001; w1(1,2)=1.5265851340e-001; w1(1,3)=6.9449197037e-001; w1(1,4)=-6.8194575116e-002; 
w10(2,1)=3.4124537422e-002; w1(2,1)=9.7483614588e-001; w1(2,2)=9.0724549946e-001; w1(2,3)=1.2607072986e-001; w1(2,4)=1.5489804638e-001; 
w10(3,1)=2.5631781760e-001; w1(3,1)=8.4220278664e-002; w1(3,2)=-2.2189469265e-001; w1(3,3)=2.3039899241e+000; w1(3,4)=-1.8313896693e+000; 
w10(4,1)=4.0898820403e-001; w1(4,1)=-5.0855934375e-002; w1(4,2)=-1.1073966811e-003; w1(4,3)=-3.4873908436e-001; w1(4,4)=-2.1045297346e-001; 
w10(5,1)=1.8236679316e+000; w1(5,1)=-7.1131273780e-002; w1(5,2)=7.1411464690e-002; w1(5,3)=1.6022225865e-001; w1(5,4)=2.6768322774e-001; 
w20=-1.2556998504e+000; w2(1)=7.7154677434e-001; w2(2)=-4.5431870138e-002; w2(3)=4.7675444461e-001; w2(4)=-1.1670829674e+000; w2(5)=1.0214561046e+000; 

