
%liczba neuronów ukrytych: 4, liczba wejœæ sieci: 4
%wejœcie 1: u(k-3)
%wejœcie 2: u(k-4)
%wejœcie 3: y(k-1)
%wejœcie 4: y(k-2)
%uczenie w trybie OE
w10(1,1)=3.1804992579e-001; w1(1,1)=-6.4615544547e-002; w1(1,2)=5.3758146658e-002; w1(1,3)=-8.0435006525e-001; w1(1,4)=2.5595315908e-001; 
w10(2,1)=4.7946597666e-001; w1(2,1)=-1.5618807418e+000; w1(2,2)=4.5548932247e-001; w1(2,3)=2.0960416213e+000; w1(2,4)=-1.7242990044e+000; 
w10(3,1)=-1.2460134170e+000; w1(3,1)=-9.1296181793e-002; w1(3,2)=1.2735668583e-001; w1(3,3)=-8.7451581012e-001; w1(3,4)=1.9082426062e-001; 
w10(4,1)=-1.6375552424e+000; w1(4,1)=2.3863696971e+000; w1(4,2)=-1.3358786974e-001; w1(4,3)=-2.2511387352e-001; w1(4,4)=1.0270999606e+000; 
w20=-3.4760491833e-001; w2(1)=-1.4916283125e+000; w2(2)=1.3236432890e-001; w2(3)=-9.3678360680e-001; w2(4)=4.9002533354e-002; 

