
%liczba neuronów ukrytych: 2, liczba wejœæ sieci: 4
%wejœcie 1: u(k-3)
%wejœcie 2: u(k-4)
%wejœcie 3: y(k-1)
%wejœcie 4: y(k-2)
%uczenie w trybie OE
w10(1,1)=-2.9387344960e-001; w1(1,1)=-5.0703393984e-002; w1(1,2)=6.5854514372e-002; w1(1,3)=-5.1286440844e-001; w1(1,4)=1.1087334160e-001; 
w10(2,1)=-3.4137775035e-001; w1(2,1)=-3.5729451286e+000; w1(2,2)=-6.5235583259e+000; w1(2,3)=-2.3340775879e+001; w1(2,4)=2.0088674638e+001; 
w20=-6.9085115847e-001; w2(1)=-2.4846566797e+000; w2(2)=6.1206508508e-002; 

