
%liczba neuronów ukrytych: 2, liczba wejœæ sieci: 4
%wejœcie 1: u(k-3)
%wejœcie 2: u(k-4)
%wejœcie 3: y(k-1)
%wejœcie 4: y(k-2)
%uczenie w trybie ARX
w10(1,1)=-5.4418133595e-001; w1(1,1)=2.8321716794e-002; w1(1,2)=5.7515825693e-002; w1(1,3)=-6.9889817242e-001; w1(1,4)=1.7785174359e-001; 
w10(2,1)=7.4865397013e-001; w1(2,1)=-9.2419679052e-002; w1(2,2)=-5.2246453614e-002; w1(2,3)=-1.2082749461e+000; w1(2,4)=-6.0005199819e-001; 
w20=-7.7022517051e-001; w2(1)=-1.8272462755e+000; w2(2)=-2.1886988448e-001; 

