
%liczba neuronów ukrytych: 9, liczba wejœæ sieci: 4
%wejœcie 1: u(k-3)
%wejœcie 2: u(k-4)
%wejœcie 3: y(k-1)
%wejœcie 4: y(k-2)
%uczenie w trybie OE
w10(1,1)=1.1796229765e+000; w1(1,1)=8.6405773438e-002; w1(1,2)=-1.4642028453e-001; w1(1,3)=-9.2040767942e-001; w1(1,4)=-9.6168064672e-001; 
w10(2,1)=-1.9395039476e-001; w1(2,1)=4.8854829761e-001; w1(2,2)=9.6469024905e-001; w1(2,3)=6.7310631623e-001; w1(2,4)=2.4219242969e-001; 
w10(3,1)=1.5692505434e-001; w1(3,1)=6.6061713382e-001; w1(3,2)=7.2844973852e-001; w1(3,3)=4.2599715103e-001; w1(3,4)=-2.2078184530e-002; 
w10(4,1)=-6.6851371030e-002; w1(4,1)=-7.6206759642e-001; w1(4,2)=-4.8262238174e-001; w1(4,3)=7.1099079901e-002; w1(4,4)=-3.3511573156e-001; 
w10(5,1)=1.9020001938e+000; w1(5,1)=-1.0109662886e+000; w1(5,2)=-2.1714647624e+000; w1(5,3)=5.0773142025e-001; w1(5,4)=1.2782616852e+000; 
w10(6,1)=-1.1769311255e-001; w1(6,1)=-5.5007595412e-001; w1(6,2)=-2.2512474188e-001; w1(6,3)=1.7181570855e-001; w1(6,4)=8.9823575237e-001; 
w10(7,1)=-5.7137456590e-001; w1(7,1)=-5.9131519772e-002; w1(7,2)=3.9670840231e-002; w1(7,3)=-5.6722933437e-001; w1(7,4)=1.3313133293e-001; 
w10(8,1)=4.4869352964e-002; w1(8,1)=2.9924736501e-001; w1(8,2)=2.2234673689e-001; w1(8,3)=-9.7088757237e-001; w1(8,4)=-3.0289694865e-001; 
w10(9,1)=4.4145508815e-001; w1(9,1)=-1.0985006036e+000; w1(9,2)=-8.3111041671e-002; w1(9,3)=-5.2586863356e-001; w1(9,4)=-1.9654812577e-001; 
w20=-9.3562693821e-001; w2(1)=-1.6809253833e-001; w2(2)=-1.1413787263e-001; w2(3)=6.1659573194e-001; w2(4)=8.4306361088e-001; w2(5)=8.0639214622e-003; w2(6)=-2.8037919381e-001; w2(7)=-2.0819391688e+000; w2(8)=-3.5148363923e-001; w2(9)=-2.0813305689e-001; 

