
%liczba neuronów ukrytych: 2, liczba wejœæ sieci: 4
%wejœcie 1: u(k-3)
%wejœcie 2: u(k-4)
%wejœcie 3: y(k-1)
%wejœcie 4: y(k-2)
%uczenie w trybie OE
w10(1,1)=-1.4996003813e-001; w1(1,1)=1.5792677092e-002; w1(1,2)=2.9345606330e-001; w1(1,3)=-1.2670082366e+000; w1(1,4)=1.1115571254e+000; 
w10(2,1)=-3.9040493333e-001; w1(2,1)=1.9313073830e-002; w1(2,2)=8.2583251577e-002; w1(2,3)=-3.1764685711e-001; w1(2,4)=3.9268562412e-001; 
w20=2.5825741297e+000; w2(1)=-2.7987737339e+000; w2(2)=8.0680448107e+000; 

