
%liczba neuronów ukrytych: 7, liczba wejœæ sieci: 4
%wejœcie 1: u(k-3)
%wejœcie 2: u(k-4)
%wejœcie 3: y(k-1)
%wejœcie 4: y(k-2)
%uczenie w trybie OE
w10(1,1)=1.2982293406e+000; w1(1,1)=-3.5238809064e+000; w1(1,2)=-1.9138010690e+000; w1(1,3)=7.4976183234e-001; w1(1,4)=-4.4529992921e-002; 
w10(2,1)=-9.1698808622e-001; w1(2,1)=2.9746336499e-002; w1(2,2)=2.4949556242e-002; w1(2,3)=-9.7665963561e-001; w1(2,4)=3.9252909740e-001; 
w10(3,1)=1.4510877938e-001; w1(3,1)=3.3835703123e-001; w1(3,2)=-3.6462978348e-001; w1(3,3)=-1.2862211900e+000; w1(3,4)=1.9499603458e+000; 
w10(4,1)=-3.1116617695e-001; w1(4,1)=-4.3746419856e-001; w1(4,2)=2.4438104004e-001; w1(4,3)=1.2501373071e+000; w1(4,4)=-1.7630409983e+000; 
w10(5,1)=-1.7316816462e+000; w1(5,1)=-8.6091453837e-001; w1(5,2)=4.6340015085e-001; w1(5,3)=5.8934633519e-001; w1(5,4)=-1.1565607726e+000; 
w10(6,1)=-2.3110732659e-001; w1(6,1)=7.8293332998e-002; w1(6,2)=-1.0500777309e-001; w1(6,3)=4.6494152637e-001; w1(6,4)=2.3557940133e-001; 
w10(7,1)=1.6385829565e-001; w1(7,1)=8.2765850742e-002; w1(7,2)=2.1540294284e+000; w1(7,3)=-3.9161455090e-001; w1(7,4)=7.0726432691e-001; 
w20=-5.7825406321e-001; w2(1)=5.1673666217e-003; w2(2)=-1.3448355700e+000; w2(3)=-6.2831622420e-001; w2(4)=-4.0577739979e-001; w2(5)=1.4852026454e-001; w2(6)=1.2543656761e+000; w2(7)=-4.5600419404e-002; 

