
%liczba neuronów ukrytych: 7, liczba wejœæ sieci: 4
%wejœcie 1: u(k-3)
%wejœcie 2: u(k-4)
%wejœcie 3: y(k-1)
%wejœcie 4: y(k-2)
%uczenie w trybie OE
w10(1,1)=2.0306298760e-002; w1(1,1)=2.6448249442e-002; w1(1,2)=4.7412558834e-003; w1(1,3)=1.1046226436e-001; w1(1,4)=3.8619107305e-001; 
w10(2,1)=-5.3175465099e-001; w1(2,1)=8.3969869982e-002; w1(2,2)=2.3157539613e-001; w1(2,3)=-1.3139208067e-001; w1(2,4)=-4.1814011931e-001; 
w10(3,1)=2.0728090503e-002; w1(3,1)=1.0784597482e-001; w1(3,2)=1.6403462749e-002; w1(3,3)=-1.6523889377e-002; w1(3,4)=9.0250152683e-002; 
w10(4,1)=-1.1757734817e-001; w1(4,1)=-2.9326194880e-001; w1(4,2)=-1.6410725490e-001; w1(4,3)=-3.1868049785e-002; w1(4,4)=9.7980489407e-002; 
w10(5,1)=4.0530474406e-002; w1(5,1)=1.1765257418e-001; w1(5,2)=1.6876812848e-002; w1(5,3)=-8.8213076975e-002; w1(5,4)=-4.4624885747e-002; 
w10(6,1)=-1.8456239049e-002; w1(6,1)=-1.0739937538e-001; w1(6,2)=-8.1607232816e-002; w1(6,3)=-1.2539028748e-001; w1(6,4)=-2.7717799762e-001; 
w10(7,1)=-5.6234085209e-002; w1(7,1)=-1.2747502736e-001; w1(7,2)=-2.2276808792e-001; w1(7,3)=1.0814143048e-001; w1(7,4)=2.0225350639e-001; 
w20=-4.1316904520e-001; w2(1)=4.8169482845e-001; w2(2)=-9.0116952522e-001; w2(3)=7.7665577070e-002; w2(4)=8.0352923834e-002; w2(5)=-9.3046952269e-002; w2(6)=-3.3387321283e-001; w2(7)=2.7621306143e-001; 

