
%liczba neuronów ukrytych: 7, liczba wejœæ sieci: 4
%wejœcie 1: u(k-3)
%wejœcie 2: u(k-4)
%wejœcie 3: y(k-1)
%wejœcie 4: y(k-2)
%uczenie w trybie ARX
w10(1,1)=-7.8932239479e-001; w1(1,1)=1.6395470492e-002; w1(1,2)=3.1727531664e-001; w1(1,3)=-1.3452490919e-001; w1(1,4)=8.5583156905e-001; 
w10(2,1)=5.6875646835e-001; w1(2,1)=4.3580780925e-001; w1(2,2)=9.5417483803e-001; w1(2,3)=1.2033844307e+000; w1(2,4)=-4.8193790060e-001; 
w10(3,1)=2.0323000528e-001; w1(3,1)=-3.0619828401e-001; w1(3,2)=-3.3247254251e-001; w1(3,3)=7.1127182981e-001; w1(3,4)=1.6017456481e-001; 
w10(4,1)=6.7485000880e-001; w1(4,1)=1.4314527528e-001; w1(4,2)=4.3533020811e-001; w1(4,3)=3.5853852776e-001; w1(4,4)=2.5386079247e-001; 
w10(5,1)=-1.2692015568e+000; w1(5,1)=-3.8621846200e-001; w1(5,2)=-7.5237441981e-001; w1(5,3)=3.1496006704e-001; w1(5,4)=6.0143312454e-001; 
w10(6,1)=-8.2854710517e-001; w1(6,1)=-7.7105571809e-001; w1(6,2)=-1.2891451619e+000; w1(6,3)=-8.6741627683e-001; w1(6,4)=1.2904179267e-001; 
w10(7,1)=-1.1720242917e-001; w1(7,1)=7.6286874707e-002; w1(7,2)=4.3400452499e-001; w1(7,3)=-1.1833579390e+000; w1(7,4)=7.6933457212e-001; 
w20=-2.4125467966e-001; w2(1)=9.8058485381e-001; w2(2)=-8.2450400427e-001; w2(3)=-2.8745326536e-001; w2(4)=1.5860476187e+000; w2(5)=-1.9535762229e-001; w2(6)=-1.7838031139e-001; w2(7)=-1.2624961542e+000; 

