
%liczba neuronów ukrytych: 8, liczba wejœæ sieci: 4
%wejœcie 1: u(k-3)
%wejœcie 2: u(k-4)
%wejœcie 3: y(k-1)
%wejœcie 4: y(k-2)
%uczenie w trybie OE
w10(1,1)=9.9019322481e-001; w1(1,1)=-1.0494423706e-001; w1(1,2)=2.3098645796e+000; w1(1,3)=-8.5581086156e-001; w1(1,4)=9.8367605228e-002; 
w10(2,1)=7.2031539993e-002; w1(2,1)=-1.6326037055e-001; w1(2,2)=-1.0102608495e+000; w1(2,3)=-2.5704188558e-001; w1(2,4)=-3.5978518618e-001; 
w10(3,1)=2.9749862210e-001; w1(3,1)=1.4616250962e+000; w1(3,2)=1.4316784824e-001; w1(3,3)=-1.2546402317e+000; w1(3,4)=-1.2285091505e+000; 
w10(4,1)=1.2167175813e-001; w1(4,1)=2.6458640802e-001; w1(4,2)=-4.7596341500e-002; w1(4,3)=-1.2067769762e+000; w1(4,4)=3.7267507616e-001; 
w10(5,1)=-4.6730352358e-002; w1(5,1)=-2.6691971269e-001; w1(5,2)=-1.4129829518e+000; w1(5,3)=-1.0035445417e+000; w1(5,4)=4.3100535834e-001; 
w10(6,1)=-1.5202130338e+000; w1(6,1)=1.0966937869e-002; w1(6,2)=5.2420906401e-002; w1(6,3)=-1.2118869623e+000; w1(6,4)=2.4811657455e-001; 
w10(7,1)=-4.2265233841e-001; w1(7,1)=-3.0132426193e-001; w1(7,2)=-6.4026543700e-002; w1(7,3)=-1.2202576764e+000; w1(7,4)=-6.5472879332e-001; 
w10(8,1)=-3.8182141308e-002; w1(8,1)=3.9193211768e-001; w1(8,2)=-2.9944258956e-001; w1(8,3)=1.2333862679e+000; w1(8,4)=-4.2536043721e-001; 
w20=-4.2754043483e-001; w2(1)=6.7419144834e-002; w2(2)=-3.3332452229e-001; w2(3)=3.4339322246e-002; w2(4)=-6.8653627393e-001; w2(5)=3.1949851084e-001; w2(6)=-6.1076271771e-001; w2(7)=1.0326303234e-001; w2(8)=6.2885427087e-001; 

