
%liczba neuronów ukrytych: 2, liczba wejœæ sieci: 4
%wejœcie 1: u(k-3)
%wejœcie 2: u(k-4)
%wejœcie 3: y(k-1)
%wejœcie 4: y(k-2)
%uczenie w trybie ARX
w10(1,1)=1.1291394215e-001; w1(1,1)=5.9991025564e-003; w1(1,2)=9.6940338560e-003; w1(1,3)=-2.0062895807e-001; w1(1,4)=6.3216491292e-002; 
w10(2,1)=-2.6644263994e+000; w1(2,1)=-1.8494637243e-001; w1(2,2)=-1.7799831544e-001; w1(2,3)=4.2275934104e+000; w1(2,4)=-3.2225038947e+000; 
w20=-1.3002096970e+000; w2(1)=-7.4405120837e+000; w2(2)=-2.1644140973e+000; 

