
%liczba neuronów ukrytych: 7, liczba wejœæ sieci: 4
%wejœcie 1: u(k-3)
%wejœcie 2: u(k-4)
%wejœcie 3: y(k-1)
%wejœcie 4: y(k-2)
%uczenie w trybie OE
w10(1,1)=-6.0510656124e-002; w1(1,1)=4.6995087900e-002; w1(1,2)=-2.7157801339e-002; w1(1,3)=9.2156491366e-002; w1(1,4)=1.2298108897e-001; 
w10(2,1)=5.5688180360e-001; w1(2,1)=-1.0096875536e-001; w1(2,2)=-2.1748341284e-001; w1(2,3)=1.7653299008e-001; w1(2,4)=4.2256794135e-001; 
w10(3,1)=-3.7226324920e-003; w1(3,1)=3.7289485125e-003; w1(3,2)=-5.3010839531e-002; w1(3,3)=-5.0853959805e-002; w1(3,4)=-2.7068236343e-001; 
w10(4,1)=-1.0786171267e-003; w1(4,1)=-1.9261946649e-002; w1(4,2)=-2.1840051216e-001; w1(4,3)=7.7445174362e-002; w1(4,4)=1.4036587315e-001; 
w10(5,1)=-7.2731639956e-002; w1(5,1)=-2.4001093646e-002; w1(5,2)=1.5333232438e-001; w1(5,3)=-1.7309889006e-001; w1(5,4)=-2.0816282480e-001; 
w10(6,1)=1.1794611079e-002; w1(6,1)=5.9092054656e-002; w1(6,2)=-7.1655536887e-002; w1(6,3)=2.6180600521e-002; w1(6,4)=3.1286812461e-001; 
w10(7,1)=6.8681146016e-002; w1(7,1)=-2.6683230124e-003; w1(7,2)=-8.9666523687e-002; w1(7,3)=1.3821343828e-001; w1(7,4)=2.3146095127e-001; 
w20=-3.8579274260e-001; w2(1)=1.6677639660e-001; w2(2)=7.0573917327e-001; w2(3)=-2.8567573475e-001; w2(4)=1.8875582804e-001; w2(5)=-3.2245428354e-001; w2(6)=3.4634037557e-001; w2(7)=3.5121672058e-001; 

