
%liczba neuronów ukrytych: 10, liczba wejœæ sieci: 4
%wejœcie 1: u(k-3)
%wejœcie 2: u(k-4)
%wejœcie 3: y(k-1)
%wejœcie 4: y(k-2)
%uczenie w trybie OE
w10(1,1)=-8.5510788534e-002; w1(1,1)=1.1593406328e+000; w1(1,2)=1.0201287692e+000; w1(1,3)=-1.5134707104e-001; w1(1,4)=2.3173983296e-001; 
w10(2,1)=1.0672921529e+000; w1(2,1)=-6.0004019874e-001; w1(2,2)=6.0592464120e-001; w1(2,3)=1.1094367283e+000; w1(2,4)=-9.3798934134e-001; 
w10(3,1)=-4.6507849057e-001; w1(3,1)=4.3139730057e-001; w1(3,2)=-4.2220776920e-001; w1(3,3)=-9.3203034105e-001; w1(3,4)=5.5333868421e-001; 
w10(4,1)=9.4972377721e-001; w1(4,1)=3.7753421917e-001; w1(4,2)=-1.2381033057e+000; w1(4,3)=-6.2519427345e-001; w1(4,4)=7.9309794150e-001; 
w10(5,1)=-1.4574174521e-001; w1(5,1)=-6.9530891960e-002; w1(5,2)=1.0089038392e-001; w1(5,3)=-1.0109635720e-001; w1(5,4)=-2.2875449654e-001; 
w10(6,1)=-1.7387400660e-003; w1(6,1)=2.4305966769e-002; w1(6,2)=1.1721954106e+000; w1(6,3)=1.5410073151e+000; w1(6,4)=-2.5352786912e-001; 
w10(7,1)=-4.9385719707e-001; w1(7,1)=5.7891262222e-001; w1(7,2)=-8.3857863940e-002; w1(7,3)=4.7601628556e-001; w1(7,4)=-2.6083810476e-001; 
w10(8,1)=1.2487146789e+000; w1(8,1)=-1.9516256178e-002; w1(8,2)=5.5824822302e-001; w1(8,3)=-3.6894809929e-004; w1(8,4)=-1.0868856943e+000; 
w10(9,1)=-8.2735094805e-002; w1(9,1)=3.5520734842e-001; w1(9,2)=4.0265447043e-001; w1(9,3)=-4.5542849767e-001; w1(9,4)=-2.6432056920e-001; 
w10(10,1)=5.9999995696e-001; w1(10,1)=-4.8069832379e-001; w1(10,2)=6.1914204588e-002; w1(10,3)=-6.0296194501e-001; w1(10,4)=1.1893876120e+000; 
w20=-2.9268377070e-001; w2(1)=-6.1687561566e-002; w2(2)=-1.7552774028e-001; w2(3)=-1.4655332837e+000; w2(4)=3.9981350466e-001; w2(5)=-9.9105489259e-001; w2(6)=-5.8793808386e-002; w2(7)=8.9135347270e-001; w2(8)=-1.8916704821e-001; w2(9)=-1.3977103073e-001; w2(10)=-1.7283938199e-001; 

