
%liczba neuronów ukrytych: 3, liczba wejœæ sieci: 4
%wejœcie 1: u(k-3)
%wejœcie 2: u(k-4)
%wejœcie 3: y(k-1)
%wejœcie 4: y(k-2)
%uczenie w trybie OE
w10(1,1)=-6.3252293120e-001; w1(1,1)=6.1409433082e-002; w1(1,2)=2.4338849302e-001; w1(1,3)=-1.3063903549e-001; w1(1,4)=-4.3798250743e-001; 
w10(2,1)=-1.3463459130e-001; w1(2,1)=1.5101188990e-001; w1(2,2)=3.7740942976e-001; w1(2,3)=-7.3987289032e-002; w1(2,4)=-3.4000547159e-001; 
w10(3,1)=1.7483881541e-002; w1(3,1)=2.1144652372e-001; w1(3,2)=-7.6877251578e-002; w1(3,3)=2.2142114856e-001; w1(3,4)=4.2493691771e-001; 
w20=-4.8365614450e-001; w2(1)=-7.8352433367e-001; w2(2)=-3.8747364608e-001; w2(3)=6.3726168289e-001; 

