
%liczba neuronów ukrytych: 8, liczba wejœæ sieci: 4
%wejœcie 1: u(k-3)
%wejœcie 2: u(k-4)
%wejœcie 3: y(k-1)
%wejœcie 4: y(k-2)
%uczenie w trybie OE
w10(1,1)=2.0703446051e-001; w1(1,1)=8.6946470789e-002; w1(1,2)=-1.8263588493e-001; w1(1,3)=1.1209272132e+000; w1(1,4)=-5.9404967629e-001; 
w10(2,1)=-1.7830208425e-001; w1(2,1)=1.3391359204e-001; w1(2,2)=-1.3416081258e-001; w1(2,3)=3.7210839639e-001; w1(2,4)=-8.1369228692e-001; 
w10(3,1)=8.5516708119e-001; w1(3,1)=-6.7832751059e-001; w1(3,2)=-5.0657061803e-001; w1(3,3)=2.3190684094e-002; w1(3,4)=-4.2772725399e-001; 
w10(4,1)=8.6772794566e-001; w1(4,1)=-2.1341699797e-001; w1(4,2)=-3.6591415866e-001; w1(4,3)=2.4751205775e-001; w1(4,4)=-1.9337391545e-002; 
w10(5,1)=-3.4903185757e-001; w1(5,1)=-1.4391690174e-001; w1(5,2)=2.5026050272e-001; w1(5,3)=-2.3212407236e-001; w1(5,4)=-5.2067812517e-001; 
w10(6,1)=-4.3390267704e-001; w1(6,1)=-7.3251020758e-001; w1(6,2)=-5.7404042576e-001; w1(6,3)=-3.0771418570e-002; w1(6,4)=-1.5709915624e-001; 
w10(7,1)=6.9282546780e-001; w1(7,1)=7.2268132945e-001; w1(7,2)=6.3088376473e-001; w1(7,3)=-6.3671664095e-001; w1(7,4)=7.3877932011e-001; 
w10(8,1)=-4.2723655270e-001; w1(8,1)=-4.5999809411e-001; w1(8,2)=2.7806467648e-001; w1(8,3)=3.1480193471e-001; w1(8,4)=-8.7641265459e-001; 
w20=-4.4583549671e-001; w2(1)=2.1014675853e+000; w2(2)=-9.8938664247e-001; w2(3)=-1.5986936704e-001; w2(4)=1.8333828965e-001; w2(5)=1.0202464734e+000; w2(6)=3.5180932490e-001; w2(7)=3.2613376519e-001; w2(8)=-2.8747217217e-001; 

