
%liczba neuronów ukrytych: 7, liczba wejœæ sieci: 4
%wejœcie 1: u(k-3)
%wejœcie 2: u(k-4)
%wejœcie 3: y(k-1)
%wejœcie 4: y(k-2)
%uczenie w trybie OE
w10(1,1)=1.2695686244e+000; w1(1,1)=3.7527556265e-002; w1(1,2)=-1.4912040389e+000; w1(1,3)=2.5295904328e-001; w1(1,4)=6.6372288259e-001; 
w10(2,1)=5.1825554761e-001; w1(2,1)=-3.7768698896e-001; w1(2,2)=9.6692876789e-001; w1(2,3)=1.3684414572e+000; w1(2,4)=-6.0181891853e-001; 
w10(3,1)=-5.8346953531e-001; w1(3,1)=4.7732497091e-001; w1(3,2)=-3.3588745792e-001; w1(3,3)=-3.8501949685e-002; w1(3,4)=7.8630895624e-001; 
w10(4,1)=4.8680217594e-001; w1(4,1)=2.2325087590e-001; w1(4,2)=-2.4439979077e-002; w1(4,3)=1.2461586262e-001; w1(4,4)=3.5092646094e-001; 
w10(5,1)=1.0183009446e+000; w1(5,1)=6.8184283719e-002; w1(5,2)=-1.0297921319e-001; w1(5,3)=2.2304699280e-001; w1(5,4)=2.6326284903e-001; 
w10(6,1)=-1.4306153228e-001; w1(6,1)=-1.5686398513e+000; w1(6,2)=-6.1260016753e-001; w1(6,3)=-6.3362732390e-001; w1(6,4)=3.4875658145e-001; 
w10(7,1)=-1.9621685708e-001; w1(7,1)=6.5056013128e-001; w1(7,2)=-4.5660774805e-001; w1(7,3)=-2.2759569326e+000; w1(7,4)=1.9590057434e+000; 
w20=-7.7917374697e-001; w2(1)=4.1638025935e-004; w2(2)=-2.7229088665e-001; w2(3)=5.3494221773e-001; w2(4)=1.2880709300e+000; w2(5)=5.9645619324e-001; w2(6)=2.9183740909e-002; w2(7)=-7.9172403048e-001; 

