
%liczba neuronów ukrytych: 2, liczba wejœæ sieci: 4
%wejœcie 1: u(k-3)
%wejœcie 2: u(k-4)
%wejœcie 3: y(k-1)
%wejœcie 4: y(k-2)
%uczenie w trybie OE
w10(1,1)=-3.4741381748e-002; w1(1,1)=1.3919550731e-001; w1(1,2)=1.3679881575e-001; w1(1,3)=-3.6338062099e-003; w1(1,4)=1.6252294417e-001; 
w10(2,1)=3.9323017779e-001; w1(2,1)=-2.5388109424e-002; w1(2,2)=-2.7203439114e-001; w1(2,3)=1.9564858031e-002; w1(2,4)=5.7251626561e-001; 
w20=-5.4826562386e-001; w2(1)=1.6285191527e-001; w2(2)=1.5627156987e+000; 

