
%liczba neuronów ukrytych: 6, liczba wejœæ sieci: 4
%wejœcie 1: u(k-3)
%wejœcie 2: u(k-4)
%wejœcie 3: y(k-1)
%wejœcie 4: y(k-2)
%uczenie w trybie OE
w10(1,1)=9.5666191394e-001; w1(1,1)=-2.3406881688e+000; w1(1,2)=-3.9304919063e-001; w1(1,3)=7.6630421085e-002; w1(1,4)=-1.2281415612e+000; 
w10(2,1)=-5.6136927144e-001; w1(2,1)=1.8825697380e+000; w1(2,2)=4.2551941723e+000; w1(2,3)=1.7720856747e+000; w1(2,4)=1.0993465988e+000; 
w10(3,1)=3.5463403411e-001; w1(3,1)=5.5612436359e-002; w1(3,2)=-7.0156696216e-002; w1(3,3)=5.7531627169e-001; w1(3,4)=-1.6528392232e-001; 
w10(4,1)=8.9600911568e-001; w1(4,1)=7.2323825708e-002; w1(4,2)=-2.5576515766e-001; w1(4,3)=-1.4203696152e+000; w1(4,4)=-4.3459560301e-001; 
w10(5,1)=2.1058222593e-001; w1(5,1)=-1.3574722517e+000; w1(5,2)=-1.2310938365e+000; w1(5,3)=-2.6529130794e+000; w1(5,4)=2.1845298328e+000; 
w10(6,1)=-1.3821714329e+000; w1(6,1)=-8.5314335825e-001; w1(6,2)=-1.3933919453e+000; w1(6,3)=-5.8078659136e-002; w1(6,4)=2.0646461045e+000; 
w20=-7.0021021854e-001; w2(1)=-4.3253921955e-002; w2(2)=-3.2872756118e-003; w2(3)=2.2943102736e+000; w2(4)=-1.3526863389e-001; w2(5)=1.1125185300e-001; w2(6)=-2.6237423387e-002; 

