
%liczba neuronów ukrytych: 3, liczba wejœæ sieci: 4
%wejœcie 1: u(k-3)
%wejœcie 2: u(k-4)
%wejœcie 3: y(k-1)
%wejœcie 4: y(k-2)
%uczenie w trybie OE
w10(1,1)=8.1256053244e-001; w1(1,1)=-3.6882236237e-001; w1(1,2)=-1.0637838754e+000; w1(1,3)=-2.6242391269e-001; w1(1,4)=2.1728919154e-001; 
w10(2,1)=5.9739918895e-002; w1(2,1)=2.9414585571e-002; w1(2,2)=-1.9413357032e-002; w1(2,3)=4.3095659055e-001; w1(2,4)=-1.3017598107e-001; 
w10(3,1)=1.5092189011e+000; w1(3,1)=-1.1740739476e+000; w1(3,2)=-9.4513398164e-001; w1(3,3)=1.2016518524e+000; w1(3,4)=-1.6204275769e+000; 
w20=-2.2941483620e-001; w2(1)=3.3683691636e-001; w2(2)=3.1070495360e+000; w2(3)=-1.9852487572e-001; 

