
%liczba neuronów ukrytych: 2, liczba wejœæ sieci: 4
%wejœcie 1: u(k-3)
%wejœcie 2: u(k-4)
%wejœcie 3: y(k-1)
%wejœcie 4: y(k-2)
%uczenie w trybie OE
w10(1,1)=3.8443624356e-001; w1(1,1)=-1.2909482902e-002; w1(1,2)=-1.5131708083e-001; w1(1,3)=2.7921189968e-001; w1(1,4)=-3.8887189698e-001; 
w10(2,1)=-1.6424955983e-001; w1(2,1)=-3.6504461374e-002; w1(2,2)=3.8986766371e-001; w1(2,3)=-8.8594367538e-001; w1(2,4)=7.2056489836e-001; 
w20=1.5017362901e+000; w2(1)=-5.2887740787e+000; w2(2)=-2.6848251104e+000; 

