
%liczba neuronów ukrytych: 3, liczba wejœæ sieci: 4
%wejœcie 1: u(k-3)
%wejœcie 2: u(k-4)
%wejœcie 3: y(k-1)
%wejœcie 4: y(k-2)
%uczenie w trybie OE
w10(1,1)=-1.3252591795e-002; w1(1,1)=-1.6029545185e-001; w1(1,2)=-1.5410028916e-001; w1(1,3)=1.0082688484e-001; w1(1,4)=2.6024703358e-001; 
w10(2,1)=5.5751332284e-001; w1(2,1)=-4.9556619241e-002; w1(2,2)=-2.5678182607e-001; w1(2,3)=1.1176203235e-001; w1(2,4)=4.2986629803e-001; 
w10(3,1)=-2.1869745007e-001; w1(3,1)=-5.7596193293e-002; w1(3,2)=1.1726321664e-001; w1(3,3)=-1.6906504245e-001; w1(3,4)=-4.7890739877e-001; 
w20=-5.3779912720e-001; w2(1)=2.2692228586e-001; w2(2)=8.0074677811e-001; w2(3)=-7.2387990591e-001; 

