
%liczba neuronów ukrytych: 4, liczba wejœæ sieci: 4
%wejœcie 1: u(k-3)
%wejœcie 2: u(k-4)
%wejœcie 3: y(k-1)
%wejœcie 4: y(k-2)
%uczenie w trybie ARX
w10(1,1)=9.4030781418e-001; w1(1,1)=-7.7778885365e-002; w1(1,2)=1.0010911129e-001; w1(1,3)=-7.4699698852e-001; w1(1,4)=1.3051584599e+000; 
w10(2,1)=-1.0023004574e+000; w1(2,1)=-3.3340733158e-001; w1(2,2)=-2.9482476321e-001; w1(2,3)=2.1532099393e+000; w1(2,4)=2.0655392812e+000; 
w10(3,1)=-2.4000278657e-001; w1(3,1)=-3.1408403031e-002; w1(3,2)=2.9089296754e-001; w1(3,3)=-2.7402873802e+000; w1(3,4)=2.3090307405e+000; 
w10(4,1)=-7.9971932034e-001; w1(4,1)=-5.0770738925e-003; w1(4,2)=1.4416888182e-001; w1(4,3)=-1.0830340807e+000; w1(4,4)=1.6596396205e+000; 
w20=-1.9902332544e-001; w2(1)=9.6211775769e-001; w2(2)=9.8566440712e-003; w2(3)=-8.5426428226e-001; w2(4)=1.0579600038e+000; 

