
%liczba neuronów ukrytych: 2, liczba wejœæ sieci: 4
%wejœcie 1: u(k-3)
%wejœcie 2: u(k-4)
%wejœcie 3: y(k-1)
%wejœcie 4: y(k-2)
%uczenie w trybie OE
w10(1,1)=4.3883832288e-001; w1(1,1)=-1.8040445772e-001; w1(1,2)=-3.5222886615e-001; w1(1,3)=1.7441095601e-002; w1(1,4)=3.8300256352e-001; 
w10(2,1)=-7.2292731433e-002; w1(2,1)=2.1076972627e-001; w1(2,2)=4.5665491256e-002; w1(2,3)=2.7197345293e-001; w1(2,4)=4.2048077557e-001; 
w20=-3.6859894674e-001; w2(1)=1.0690230797e+000; w2(2)=8.3751920303e-001; 

