
%liczba neuronów ukrytych: 7, liczba wejœæ sieci: 4
%wejœcie 1: u(k-3)
%wejœcie 2: u(k-4)
%wejœcie 3: y(k-1)
%wejœcie 4: y(k-2)
%uczenie w trybie OE
w10(1,1)=6.3642568169e-001; w1(1,1)=1.5001154583e-001; w1(1,2)=-2.4181407716e-001; w1(1,3)=-1.3744809227e+000; w1(1,4)=6.3437917798e-001; 
w10(2,1)=-1.3601515369e+000; w1(2,1)=1.2240525799e+000; w1(2,2)=1.0725031979e+000; w1(2,3)=7.7639991020e-001; w1(2,4)=7.1540704488e-002; 
w10(3,1)=8.1119899633e-001; w1(3,1)=-4.7517591102e-001; w1(3,2)=9.7190667335e-001; w1(3,3)=5.0345694716e-001; w1(3,4)=-7.2446068887e-001; 
w10(4,1)=4.2853848352e-001; w1(4,1)=-8.0209885954e-002; w1(4,2)=-2.3363797210e+000; w1(4,3)=2.1475968969e-001; w1(4,4)=1.1090901062e-001; 
w10(5,1)=7.5061628833e-001; w1(5,1)=-1.5718443561e-001; w1(5,2)=-6.2252852938e-002; w1(5,3)=7.1101978864e-001; w1(5,4)=-3.2760074477e-001; 
w10(6,1)=-7.7868273431e-003; w1(6,1)=3.7244176003e-001; w1(6,2)=-1.0350001237e+000; w1(6,3)=-6.9404486181e-001; w1(6,4)=-3.9841689531e-001; 
w10(7,1)=-6.3435285462e-001; w1(7,1)=-2.4544061638e-001; w1(7,2)=-2.2890136603e-002; w1(7,3)=-6.7568362713e-001; w1(7,4)=1.3718544461e-001; 
w20=-5.8633652623e-001; w2(1)=-7.8157596550e-001; w2(2)=5.2494992843e-002; w2(3)=-1.8356050048e-001; w2(4)=4.3559354159e-002; w2(5)=1.2303743790e+000; w2(6)=2.0776028745e-002; w2(7)=-7.0603861634e-001; 

