
%liczba neuronów ukrytych: 3, liczba wejœæ sieci: 4
%wejœcie 1: u(k-3)
%wejœcie 2: u(k-4)
%wejœcie 3: y(k-1)
%wejœcie 4: y(k-2)
%uczenie w trybie ARX
w10(1,1)=6.1373617629e-001; w1(1,1)=-3.0926886945e-002; w1(1,2)=-5.7237273104e-002; w1(1,3)=7.7084948194e-001; w1(1,4)=-2.0909551279e-001; 
w10(2,1)=-6.4127786724e-001; w1(2,1)=2.4245088335e-001; w1(2,2)=7.0895218951e-002; w1(2,3)=1.1491792127e+000; w1(2,4)=2.0196626454e+000; 
w10(3,1)=6.2440517794e-001; w1(3,1)=-1.8302446493e-001; w1(3,2)=-3.1541284132e-002; w1(3,3)=-1.1465975534e+000; w1(3,4)=-1.6121484768e+000; 
w20=-8.1472379282e-001; w2(1)=1.7035732568e+000; w2(2)=-5.9605104490e-001; w2(3)=-8.1630114981e-001; 

