
%liczba neuronów ukrytych: 1, liczba wejœæ sieci: 4
%wejœcie 1: u(k-3)
%wejœcie 2: u(k-4)
%wejœcie 3: y(k-1)
%wejœcie 4: y(k-2)
%uczenie w trybie OE
w10(1,1)=4.1284097036e-001; w1(1,1)=-3.7879295971e-002; w1(1,2)=-2.3316602531e-001; w1(1,3)=1.0405050957e-001; w1(1,4)=5.4422059113e-001; 
w20=-5.5129909393e-001; w2(1)=1.4957703779e+000; 

