
%liczba neuronów ukrytych: 9, liczba wejœæ sieci: 4
%wejœcie 1: u(k-3)
%wejœcie 2: u(k-4)
%wejœcie 3: y(k-1)
%wejœcie 4: y(k-2)
%uczenie w trybie OE
w10(1,1)=1.7213277945e-002; w1(1,1)=6.9780036811e-001; w1(1,2)=7.6644285727e-001; w1(1,3)=3.0419752829e-001; w1(1,4)=-2.6109626728e-001; 
w10(2,1)=-1.5588673463e-001; w1(2,1)=-9.9703185144e-001; w1(2,2)=-1.3249590085e+000; w1(2,3)=-8.1599873889e-001; w1(2,4)=-2.6616259632e-001; 
w10(3,1)=-2.6505631128e-001; w1(3,1)=-6.9535981284e-001; w1(3,2)=-9.0897245942e-001; w1(3,3)=-2.7958502055e-001; w1(3,4)=4.8509540611e-001; 
w10(4,1)=-5.3932737389e-001; w1(4,1)=-1.1671330982e-001; w1(4,2)=1.6934677206e-002; w1(4,3)=4.1606412393e-001; w1(4,4)=1.4090322922e-001; 
w10(5,1)=-3.9737053827e-002; w1(5,1)=-4.8511259225e-001; w1(5,2)=-1.9903702435e-001; w1(5,3)=-9.8297452558e-002; w1(5,4)=-3.7791139149e-002; 
w10(6,1)=-4.9267676329e-001; w1(6,1)=7.8733746239e-001; w1(6,2)=2.0712392545e-001; w1(6,3)=3.6509185941e-001; w1(6,4)=-2.6144525239e-001; 
w10(7,1)=-2.7291098591e-001; w1(7,1)=1.1375128034e-001; w1(7,2)=-6.7112119035e-002; w1(7,3)=-8.6133456633e-001; w1(7,4)=5.5360710059e-001; 
w10(8,1)=-1.1478327841e+000; w1(8,1)=3.8883473298e-002; w1(8,2)=1.9780497141e-001; w1(8,3)=3.8983538733e-001; w1(8,4)=-7.8911833016e-001; 
w10(9,1)=3.3029411148e-001; w1(9,1)=-6.5118651344e-001; w1(9,2)=8.8210948723e-001; w1(9,3)=-3.2071845203e-001; w1(9,4)=1.0156810197e-001; 
w20=-6.8306289712e-001; w2(1)=-3.3645320006e-001; w2(2)=3.2703049596e-003; w2(3)=-1.5991720889e-001; w2(4)=7.3398622670e-001; w2(5)=-4.2683064835e-001; w2(6)=1.4070050819e-001; w2(7)=-1.7438731605e+000; w2(8)=-7.9006878391e-001; w2(9)=-1.6574667537e-001; 

