
%liczba neuronów ukrytych: 2, liczba wejœæ sieci: 4
%wejœcie 1: u(k-3)
%wejœcie 2: u(k-4)
%wejœcie 3: y(k-1)
%wejœcie 4: y(k-2)
%uczenie w trybie ARX
w10(1,1)=4.1842690946e-001; w1(1,1)=-2.3257479638e-002; w1(1,2)=-5.1579280338e-002; w1(1,3)=5.7225702001e-001; w1(1,4)=-1.5419977903e-001; 
w10(2,1)=1.7303112974e+000; w1(2,1)=-5.2181744134e-002; w1(2,2)=-8.8700164412e-002; w1(2,3)=-2.7093227277e-001; w1(2,4)=-5.0808166612e-001; 
w20=9.0494421219e-001; w2(1)=2.1761946750e+000; w2(2)=-1.8778703578e+000; 

