
%liczba neuronów ukrytych: 5, liczba wejœæ sieci: 4
%wejœcie 1: u(k-3)
%wejœcie 2: u(k-4)
%wejœcie 3: y(k-1)
%wejœcie 4: y(k-2)
%uczenie w trybie OE
w10(1,1)=4.9787127831e-002; w1(1,1)=3.4863359329e-002; w1(1,2)=4.9014176799e-002; w1(1,3)=-4.2348608759e-002; w1(1,4)=-1.8410293421e-001; 
w10(2,1)=-2.5985961770e-001; w1(2,1)=7.1137451979e-003; w1(2,2)=2.7125398197e-001; w1(2,3)=-1.6398020295e-001; w1(2,4)=-2.6755529785e-001; 
w10(3,1)=4.6073105715e-001; w1(3,1)=-1.4715947782e-002; w1(3,2)=-2.8120717526e-001; w1(3,3)=1.2350058369e-001; w1(3,4)=3.7798901323e-001; 
w10(4,1)=3.0775788545e-001; w1(4,1)=-6.7806148151e-002; w1(4,2)=-3.0844922566e-001; w1(4,3)=1.4489750132e-001; w1(4,4)=2.7632722941e-001; 
w10(5,1)=1.0766582273e-001; w1(5,1)=1.3343703858e-001; w1(5,2)=6.5231415633e-002; w1(5,3)=1.8590899117e-001; w1(5,4)=3.6795235745e-001; 
w20=-4.8959341174e-001; w2(1)=-1.9337251432e-001; w2(2)=-3.6899376143e-001; w2(3)=5.8809780804e-001; w2(4)=3.6610464715e-001; w2(5)=5.4575083504e-001; 

