
%liczba neuronów ukrytych: 3, liczba wejœæ sieci: 4
%wejœcie 1: u(k-3)
%wejœcie 2: u(k-4)
%wejœcie 3: y(k-1)
%wejœcie 4: y(k-2)
%uczenie w trybie ARX
w10(1,1)=-1.2321359262e+000; w1(1,1)=3.0275057589e-002; w1(1,2)=2.6774101089e-001; w1(1,3)=-1.1705729133e+000; w1(1,4)=1.9961273809e+000; 
w10(2,1)=-6.1503265768e-001; w1(2,1)=5.8802623878e-002; w1(2,2)=-1.3028553023e-001; w1(2,3)=3.2995138764e-001; w1(2,4)=-7.5944985320e-001; 
w10(3,1)=2.1069617611e-001; w1(3,1)=6.3405876302e-002; w1(3,2)=-4.6522039968e-001; w1(3,3)=2.4887300648e+000; w1(3,4)=-2.1410862841e+000; 
w20=-2.8377852582e-001; w2(1)=8.6734010081e-001; w2(2)=-1.5581552736e+000; w2(3)=7.8478267189e-001; 

