
%liczba neuronów ukrytych: 7, liczba wejœæ sieci: 4
%wejœcie 1: u(k-3)
%wejœcie 2: u(k-4)
%wejœcie 3: y(k-1)
%wejœcie 4: y(k-2)
%uczenie w trybie ARX
w10(1,1)=-5.6974106188e-001; w1(1,1)=6.6865253620e-002; w1(1,2)=1.6849433380e-001; w1(1,3)=-2.3881764995e-001; w1(1,4)=-5.4614707943e-001; 
w10(2,1)=5.4405229852e-001; w1(2,1)=5.3513034091e-001; w1(2,2)=5.3938666973e-001; w1(2,3)=-2.8136534532e-001; w1(2,4)=-1.3095208760e-001; 
w10(3,1)=1.2104638331e+000; w1(3,1)=-4.8716411267e-001; w1(3,2)=-6.3592203669e-001; w1(3,3)=-6.0361699524e-001; w1(3,4)=-7.2456870009e-002; 
w10(4,1)=6.5724519698e-001; w1(4,1)=2.9604292305e-001; w1(4,2)=-1.1779496772e-001; w1(4,3)=7.8806144837e-001; w1(4,4)=-1.3813982181e-002; 
w10(5,1)=-1.7582859539e+000; w1(5,1)=-2.9983132118e-001; w1(5,2)=-6.4484022889e-001; w1(5,3)=-1.1023069799e+000; w1(5,4)=5.5129645927e-001; 
w10(6,1)=-1.3062776705e-001; w1(6,1)=1.1876219549e-001; w1(6,2)=4.1433528854e-001; w1(6,3)=-8.0823830349e-001; w1(6,4)=4.8069139450e-001; 
w10(7,1)=-1.6887987683e-002; w1(7,1)=1.4265450607e-001; w1(7,2)=-7.7324286529e-002; w1(7,3)=6.0181107682e-001; w1(7,4)=-8.3892146730e-001; 
w20=-6.5881399666e-001; w2(1)=5.7109229616e-001; w2(2)=2.7001404915e-001; w2(3)=-6.7961956273e-001; w2(4)=4.8903335844e-001; w2(5)=-9.2152515503e-001; w2(6)=-1.6674359233e+000; w2(7)=-1.4039015321e+000; 

