
%liczba neuronów ukrytych: 7, liczba wejœæ sieci: 4
%wejœcie 1: u(k-3)
%wejœcie 2: u(k-4)
%wejœcie 3: y(k-1)
%wejœcie 4: y(k-2)
%uczenie w trybie OE
w10(1,1)=8.5489138674e-002; w1(1,1)=-5.2551898083e-001; w1(1,2)=-8.0213736530e-001; w1(1,3)=-5.6412742843e-001; w1(1,4)=3.9102153031e-001; 
w10(2,1)=-8.1753591005e-001; w1(2,1)=-4.8114292513e-002; w1(2,2)=-1.7513291115e-001; w1(2,3)=4.1535269879e-001; w1(2,4)=4.5028625288e-001; 
w10(3,1)=-2.3675074406e-001; w1(3,1)=-1.4075583313e+000; w1(3,2)=-8.1439426166e-001; w1(3,3)=-1.9624246780e-001; w1(3,4)=-5.4803243750e-002; 
w10(4,1)=2.6876222505e-001; w1(4,1)=3.5686986860e-002; w1(4,2)=-1.2070467375e-001; w1(4,3)=1.0514666966e+000; w1(4,4)=-5.2686731700e-001; 
w10(5,1)=-4.6756906296e-001; w1(5,1)=-6.2442738227e-002; w1(5,2)=-8.9690899125e-001; w1(5,3)=1.6623433566e-001; w1(5,4)=-2.3234976868e-002; 
w10(6,1)=1.5743503776e+000; w1(6,1)=-1.9298869751e-001; w1(6,2)=-4.9652380539e-002; w1(6,3)=-1.7262121725e-001; w1(6,4)=8.6460356205e-001; 
w10(7,1)=-3.2338987772e-001; w1(7,1)=5.1943590000e-001; w1(7,2)=5.5584561175e-001; w1(7,3)=9.8925590614e-001; w1(7,4)=-7.1541234911e-001; 
w20=-5.6363621002e-001; w2(1)=2.9743446393e-001; w2(2)=4.7695604440e-001; w2(3)=1.3702598773e-002; w2(4)=1.3700978848e+000; w2(5)=-2.2613697925e-001; w2(6)=5.5873275237e-001; w2(7)=3.4569588638e-001; 

