
%liczba neuronów ukrytych: 5, liczba wejœæ sieci: 4
%wejœcie 1: u(k-3)
%wejœcie 2: u(k-4)
%wejœcie 3: y(k-1)
%wejœcie 4: y(k-2)
%uczenie w trybie OE
w10(1,1)=-1.9486988875e-001; w1(1,1)=3.3805109861e-001; w1(1,2)=-8.1884474745e-002; w1(1,3)=-2.5693541065e-001; w1(1,4)=5.5926989037e-001; 
w10(2,1)=1.6139509461e-001; w1(2,1)=7.6656029517e-001; w1(2,2)=-1.7231567972e-001; w1(2,3)=5.2186068999e-001; w1(2,4)=1.9236368503e-001; 
w10(3,1)=-1.1064122390e-001; w1(3,1)=-2.0342718133e-001; w1(3,2)=1.5931027035e-001; w1(3,3)=-6.8019004400e-001; w1(3,4)=3.8361389164e-001; 
w10(4,1)=-1.1664980651e-001; w1(4,1)=5.0228242144e-001; w1(4,2)=-1.8182947110e-001; w1(4,3)=-1.2963734047e+000; w1(4,4)=1.1816061994e+000; 
w10(5,1)=5.2519806300e-001; w1(5,1)=3.1226462872e-001; w1(5,2)=-1.2759005771e-001; w1(5,3)=-5.8293137817e-001; w1(5,4)=9.1805441066e-001; 
w20=-2.6568356380e-001; w2(1)=1.8551353257e+000; w2(2)=-3.2148301449e-001; w2(3)=-9.0951811301e-001; w2(4)=-1.5817729695e+000; w2(5)=8.1058308225e-001; 

