
%liczba neuronów ukrytych: 6, liczba wejœæ sieci: 4
%wejœcie 1: u(k-3)
%wejœcie 2: u(k-4)
%wejœcie 3: y(k-1)
%wejœcie 4: y(k-2)
%uczenie w trybie OE
w10(1,1)=-1.4726538069e-002; w1(1,1)=-8.9686940236e-002; w1(1,2)=-1.0797381717e-001; w1(1,3)=-9.0179376078e-002; w1(1,4)=-2.4352923063e-001; 
w10(2,1)=5.6804128397e-001; w1(2,1)=-1.7301137107e-001; w1(2,2)=-3.4442638283e-001; w1(2,3)=-2.4315903060e-002; w1(2,4)=4.6159007751e-001; 
w10(3,1)=-2.0320733959e-002; w1(3,1)=9.5957727454e-002; w1(3,2)=-1.6765114313e-002; w1(3,3)=-2.0775747801e-002; w1(3,4)=-4.0334724981e-002; 
w10(4,1)=4.7699694015e-002; w1(4,1)=-1.0293626944e-002; w1(4,2)=1.6160567159e-001; w1(4,3)=-4.7744812877e-002; w1(4,4)=1.9153245496e-002; 
w10(5,1)=-2.8855441375e-002; w1(5,1)=-1.0544868722e-001; w1(5,2)=1.4978488383e-001; w1(5,3)=-1.2073066694e-001; w1(5,4)=-3.5108548536e-001; 
w10(6,1)=-9.2639930136e-002; w1(6,1)=-6.0533182708e-002; w1(6,2)=1.1031943983e-001; w1(6,3)=-7.9039509765e-002; w1(6,4)=-4.5246895681e-001; 
w20=-4.3529314728e-001; w2(1)=-2.9414696647e-001; w2(2)=7.3059495557e-001; w2(3)=-7.1890043751e-002; w2(4)=1.6109146305e-002; w2(5)=-5.0753761880e-001; w2(6)=-5.7666098115e-001; 

