
%liczba neuronów ukrytych: 6, liczba wejœæ sieci: 4
%wejœcie 1: u(k-3)
%wejœcie 2: u(k-4)
%wejœcie 3: y(k-1)
%wejœcie 4: y(k-2)
%uczenie w trybie OE
w10(1,1)=-1.9179895003e-002; w1(1,1)=-1.6356785658e+000; w1(1,2)=-1.6064885007e+000; w1(1,3)=6.9183802721e-002; w1(1,4)=1.9354905109e-001; 
w10(2,1)=-3.7251843010e-001; w1(2,1)=-1.3167467073e-001; w1(2,2)=3.8784965243e-001; w1(2,3)=-1.5072308453e+000; w1(2,4)=1.1754108529e+000; 
w10(3,1)=5.6062295192e-001; w1(3,1)=4.8632227677e-001; w1(3,2)=1.1469991824e+000; w1(3,3)=8.2260618988e-001; w1(3,4)=5.0515121049e-002; 
w10(4,1)=1.9955770351e+000; w1(4,1)=1.2395895095e+000; w1(4,2)=-5.0735341859e-001; w1(4,3)=5.4238096549e-001; w1(4,4)=2.4020196912e-001; 
w10(5,1)=-5.2266733805e-001; w1(5,1)=7.0933764089e-003; w1(5,2)=-2.1960230903e-001; w1(5,3)=4.7937774116e-002; w1(5,4)=-4.8212840311e-001; 
w10(6,1)=9.6374405811e-001; w1(6,1)=-8.9945553467e-002; w1(6,2)=-2.6355242883e-001; w1(6,3)=1.0754393172e-001; w1(6,4)=-1.3441965589e+000; 
w20=-7.8593027517e-001; w2(1)=3.3058478942e-002; w2(2)=-1.0862073204e+000; w2(3)=-9.8127273120e-002; w2(4)=-1.1474277708e-001; w2(5)=-1.5878907013e+000; w2(6)=-2.7000641387e-001; 

