
%liczba neuronów ukrytych: 10, liczba wejœæ sieci: 4
%wejœcie 1: u(k-3)
%wejœcie 2: u(k-4)
%wejœcie 3: y(k-1)
%wejœcie 4: y(k-2)
%uczenie w trybie OE
w10(1,1)=-6.0416638304e-001; w1(1,1)=-5.5009005067e-001; w1(1,2)=8.2764180792e-001; w1(1,3)=-1.1830565221e-001; w1(1,4)=-7.6779457908e-001; 
w10(2,1)=1.5373376176e-001; w1(2,1)=-2.1489421656e-001; w1(2,2)=7.3353125205e-002; w1(2,3)=7.5752182355e-001; w1(2,4)=-4.1283778973e-001; 
w10(3,1)=4.9169702792e-001; w1(3,1)=5.8282225160e-001; w1(3,2)=-1.1636636231e+000; w1(3,3)=2.2781283894e-001; w1(3,4)=2.1470220271e-001; 
w10(4,1)=1.8292122615e-001; w1(4,1)=-3.5415471637e-001; w1(4,2)=2.0016423908e-001; w1(4,3)=-3.3522759773e-002; w1(4,4)=-2.4777912313e-001; 
w10(5,1)=1.4416800771e-002; w1(5,1)=-9.3187932835e-002; w1(5,2)=-9.6291478661e-001; w1(5,3)=-2.8538491272e-001; w1(5,4)=1.6103878440e-001; 
w10(6,1)=-4.7663560972e-001; w1(6,1)=1.7258112746e-001; w1(6,2)=-1.2585399409e-001; w1(6,3)=1.3146630640e-001; w1(6,4)=5.0959988021e-001; 
w10(7,1)=-1.5291428807e-001; w1(7,1)=1.4160930803e+000; w1(7,2)=6.2451551351e-001; w1(7,3)=2.5837399188e-002; w1(7,4)=1.6912182226e-001; 
w10(8,1)=-1.5736418776e-001; w1(8,1)=1.6519599762e-001; w1(8,2)=7.2318807174e-001; w1(8,3)=4.2490572443e-001; w1(8,4)=-4.8804844042e-001; 
w10(9,1)=1.1613872727e+000; w1(9,1)=-7.6091217587e-001; w1(9,2)=-1.6679234015e+000; w1(9,3)=2.3527337324e-001; w1(9,4)=8.0592227790e-001; 
w10(10,1)=4.4771442791e-001; w1(10,1)=-4.2121400642e-002; w1(10,2)=6.1889985281e-002; w1(10,3)=1.6255398310e-001; w1(10,4)=2.2902605440e-001; 
w20=-3.4916539049e-001; w2(1)=2.8149033028e-001; w2(2)=1.5755741940e+000; w2(3)=3.5471903538e-001; w2(4)=-9.9683330373e-001; w2(5)=2.7417078556e-001; w2(6)=2.6057262614e-002; w2(7)=-5.6953035585e-002; w2(8)=5.4056263298e-001; w2(9)=9.9461785768e-003; w2(10)=8.4572570662e-001; 

