
%liczba neuronów ukrytych: 4, liczba wejœæ sieci: 4
%wejœcie 1: u(k-3)
%wejœcie 2: u(k-4)
%wejœcie 3: y(k-1)
%wejœcie 4: y(k-2)
%uczenie w trybie OE
w10(1,1)=4.5802838782e-001; w1(1,1)=1.8173248842e-001; w1(1,2)=-4.7955050915e-001; w1(1,3)=-4.8551586284e-001; w1(1,4)=1.2692271627e-001; 
w10(2,1)=-1.5812624676e-001; w1(2,1)=1.0589278705e+000; w1(2,2)=-6.9018820137e-001; w1(2,3)=-5.3096009221e-001; w1(2,4)=-1.0823528232e+000; 
w10(3,1)=-8.6301798462e-001; w1(3,1)=1.0043529617e-001; w1(3,2)=4.8915154118e-001; w1(3,3)=1.4337212057e-001; w1(3,4)=-1.1004623623e+000; 
w10(4,1)=4.7729420440e-001; w1(4,1)=-1.2790390481e-002; w1(4,2)=-2.7833357199e-001; w1(4,3)=5.1249906966e-001; w1(4,4)=1.4706784218e-001; 
w20=-1.7457238891e-001; w2(1)=-8.2263822998e-001; w2(2)=1.8571707786e-001; w2(3)=1.0259158871e+000; w2(4)=2.8614060675e+000; 

