
%liczba neuronów ukrytych: 8, liczba wejœæ sieci: 4
%wejœcie 1: u(k-3)
%wejœcie 2: u(k-4)
%wejœcie 3: y(k-1)
%wejœcie 4: y(k-2)
%uczenie w trybie OE
w10(1,1)=-1.5452630489e-001; w1(1,1)=2.2520449828e+000; w1(1,2)=1.3834926862e+000; w1(1,3)=3.2654323814e-001; w1(1,4)=1.5985495912e+000; 
w10(2,1)=-5.6936235437e-001; w1(2,1)=-6.3976939717e-001; w1(2,2)=-2.9859093566e+000; w1(2,3)=1.6986953539e-001; w1(2,4)=-1.2454846753e+000; 
w10(3,1)=6.6397384401e-001; w1(3,1)=4.4835411252e-002; w1(3,2)=-1.5138473520e-001; w1(3,3)=-6.0232759276e-001; w1(3,4)=-3.7964070057e-001; 
w10(4,1)=-1.0918715971e-001; w1(4,1)=9.6245356080e-001; w1(4,2)=1.4925708615e+000; w1(4,3)=1.4893046788e+000; w1(4,4)=3.2821930623e-001; 
w10(5,1)=-1.1940943986e-001; w1(5,1)=1.3177750723e+000; w1(5,2)=1.8103773761e+000; w1(5,3)=8.8764890123e-001; w1(5,4)=-5.6423275939e-001; 
w10(6,1)=2.6773245090e-002; w1(6,1)=2.6941539168e+000; w1(6,2)=1.7618400895e+000; w1(6,3)=1.7745767850e+000; w1(6,4)=4.6223873486e-001; 
w10(7,1)=-5.4563642113e-001; w1(7,1)=1.5963201802e-003; w1(7,2)=3.1668790524e-002; w1(7,3)=-7.6236090073e-001; w1(7,4)=3.0705348624e-001; 
w10(8,1)=-8.4212019105e-002; w1(8,1)=9.7213508460e-001; w1(8,2)=-7.5474027683e-001; w1(8,3)=-4.3806706622e-002; w1(8,4)=5.1846310018e-001; 
w20=-7.0138637476e-001; w2(1)=1.9853961701e-001; w2(2)=-3.5065388932e-002; w2(3)=-3.8515315331e-001; w2(4)=-9.1122970057e-002; w2(5)=-9.4851049405e-002; w2(6)=-1.3543893458e-001; w2(7)=-1.8773356089e+000; w2(8)=1.7621221962e-001; 

