
%liczba neuronów ukrytych: 4, liczba wejœæ sieci: 4
%wejœcie 1: u(k-3)
%wejœcie 2: u(k-4)
%wejœcie 3: y(k-1)
%wejœcie 4: y(k-2)
%uczenie w trybie OE
w10(1,1)=-4.2787956572e-001; w1(1,1)=-1.8340258211e-002; w1(1,2)=1.6369049429e-001; w1(1,3)=1.1066108592e-001; w1(1,4)=3.1614131187e-001; 
w10(2,1)=2.2246052594e-001; w1(2,1)=1.5850277113e-001; w1(2,2)=-5.3539088391e-001; w1(2,3)=1.4291066760e+000; w1(2,4)=-1.2365187487e+000; 
w10(3,1)=-1.1778474637e+000; w1(3,1)=-3.8543805954e-001; w1(3,2)=9.1388549306e-001; w1(3,3)=-1.1563073436e+000; w1(3,4)=1.4996189397e+000; 
w10(4,1)=-1.0862622308e+000; w1(4,1)=1.8833805884e-001; w1(4,2)=-4.7635658158e-001; w1(4,3)=2.9380677003e-001; w1(4,4)=-9.2940901196e-001; 
w20=2.0020259631e-001; w2(1)=1.4072895893e+000; w2(2)=1.2409468398e+000; w2(3)=5.6866743322e-001; w2(4)=-7.1208853176e-001; 

