
%liczba neuronów ukrytych: 8, liczba wejœæ sieci: 4
%wejœcie 1: u(k-3)
%wejœcie 2: u(k-4)
%wejœcie 3: y(k-1)
%wejœcie 4: y(k-2)
%uczenie w trybie OE
w10(1,1)=7.4321664846e-003; w1(1,1)=1.0131711419e+000; w1(1,2)=-1.0597056664e+000; w1(1,3)=-3.2673664694e-001; w1(1,4)=9.5560513747e-001; 
w10(2,1)=-1.0252975142e-001; w1(2,1)=-1.4709174648e+000; w1(2,2)=-4.3818759518e-002; w1(2,3)=4.0568124321e-001; w1(2,4)=-1.3059112755e-001; 
w10(3,1)=-4.4193003497e-001; w1(3,1)=-2.7468324318e-001; w1(3,2)=7.0893568591e-001; w1(3,3)=1.4002602139e+000; w1(3,4)=-2.2490993674e+000; 
w10(4,1)=7.1745742010e-002; w1(4,1)=1.4317606578e+000; w1(4,2)=7.0682909300e-001; w1(4,3)=3.4737097740e-001; w1(4,4)=-2.3203829637e-001; 
w10(5,1)=-2.2613021750e-001; w1(5,1)=-2.8344019048e-001; w1(5,2)=8.0619586901e-001; w1(5,3)=5.2600640678e-002; w1(5,4)=-7.9828333669e-001; 
w10(6,1)=-1.4800032777e+000; w1(6,1)=-2.7893268680e-001; w1(6,2)=-6.8323765030e-001; w1(6,3)=-1.1978038073e+000; w1(6,4)=1.3149803439e+000; 
w10(7,1)=-7.5518746028e-001; w1(7,1)=3.5075553465e-002; w1(7,2)=1.3184606962e-001; w1(7,3)=-5.3698175139e-001; w1(7,4)=5.7279587099e-003; 
w10(8,1)=-6.8532148078e-002; w1(8,1)=1.0053708503e-002; w1(8,2)=8.9861538035e-002; w1(8,3)=3.2839779851e-001; w1(8,4)=6.0922723146e-002; 
w20=-2.8252762792e-001; w2(1)=5.5444513363e-002; w2(2)=-1.7019691379e-001; w2(3)=5.2933950314e-001; w2(4)=-1.7394799900e-001; w2(5)=-5.7661941332e-001; w2(6)=1.2856598491e-001; w2(7)=-9.3627189720e-001; w2(8)=1.6385398604e+000; 

