
%liczba neuronów ukrytych: 3, liczba wejœæ sieci: 4
%wejœcie 1: u(k-3)
%wejœcie 2: u(k-4)
%wejœcie 3: y(k-1)
%wejœcie 4: y(k-2)
%uczenie w trybie OE
w10(1,1)=1.1194673241e-001; w1(1,1)=-1.7154454946e+000; w1(1,2)=9.8470554302e-001; w1(1,3)=3.9563827348e+000; w1(1,4)=-3.5791255627e+000; 
w10(2,1)=-8.8041603336e-001; w1(2,1)=-5.2910744436e-002; w1(2,2)=7.0262844389e-002; w1(2,3)=-7.6213715278e-001; w1(2,4)=2.1068439989e-001; 
w10(3,1)=-5.0182287554e-001; w1(3,1)=1.8784502459e-001; w1(3,2)=-1.3929224600e-001; w1(3,3)=8.1029138815e-001; w1(3,4)=-9.5564322346e-002; 
w20=-6.2978600877e-001; w2(1)=1.2909362331e-001; w2(2)=-1.4769967856e+000; w2(3)=9.2439664313e-001; 

