
%liczba neuronów ukrytych: 3, liczba wejœæ sieci: 4
%wejœcie 1: u(k-3)
%wejœcie 2: u(k-4)
%wejœcie 3: y(k-1)
%wejœcie 4: y(k-2)
%uczenie w trybie ARX
w10(1,1)=9.0491458731e-001; w1(1,1)=1.2331619773e-002; w1(1,2)=3.1255489726e-002; w1(1,3)=-5.4531228739e-001; w1(1,4)=-1.3543579174e+000; 
w10(2,1)=4.7907837620e-001; w1(2,1)=-1.4308587024e-002; w1(2,2)=-1.0188246603e-001; w1(2,3)=1.5158628852e+000; w1(2,4)=-5.8531565730e-001; 
w10(3,1)=2.7136215416e+000; w1(3,1)=-1.6988522088e-001; w1(3,2)=-2.0466318621e-001; w1(3,3)=8.0749875524e-001; w1(3,4)=7.8709401144e-001; 
w20=-5.5699190651e-001; w2(1)=-2.7050049450e-001; w2(2)=9.3455320275e-001; w2(3)=3.3750260943e-001; 

