
%liczba neuronów ukrytych: 6, liczba wejœæ sieci: 4
%wejœcie 1: u(k-3)
%wejœcie 2: u(k-4)
%wejœcie 3: y(k-1)
%wejœcie 4: y(k-2)
%uczenie w trybie OE
w10(1,1)=5.1406603720e-001; w1(1,1)=3.9709260050e-001; w1(1,2)=7.7708343996e-001; w1(1,3)=-5.6407915822e-001; w1(1,4)=3.8376412866e-002; 
w10(2,1)=2.7379430525e-001; w1(2,1)=-2.3520476233e-001; w1(2,2)=4.4524344360e-001; w1(2,3)=9.4246373694e-001; w1(2,4)=1.4225080824e-002; 
w10(3,1)=2.0255986757e+000; w1(3,1)=2.0651445381e-001; w1(3,2)=-3.5305122103e-001; w1(3,3)=3.7535671111e-001; w1(3,4)=4.9069796550e-001; 
w10(4,1)=-3.7000411930e-001; w1(4,1)=8.2537388000e-001; w1(4,2)=-2.2853441907e-001; w1(4,3)=2.2371446445e-001; w1(4,4)=1.9534354208e-002; 
w10(5,1)=-6.4948537025e-002; w1(5,1)=9.3776818786e-001; w1(5,2)=-1.1270498683e-001; w1(5,3)=-1.0924359261e+000; w1(5,4)=1.0537532639e+000; 
w10(6,1)=3.8640474299e-002; w1(6,1)=2.5133053951e-002; w1(6,2)=-2.4964807778e-003; w1(6,3)=4.8207677931e-001; w1(6,4)=-1.0652639616e-001; 
w20=-1.9947624194e-001; w2(1)=6.1305421802e-002; w2(2)=-1.9683098504e-001; w2(3)=1.7032863911e-001; w2(4)=2.1576224580e-001; w2(5)=-3.3411389206e-001; w2(6)=2.9352253311e+000; 

