
%liczba neuronów ukrytych: 3, liczba wejœæ sieci: 4
%wejœcie 1: u(k-3)
%wejœcie 2: u(k-4)
%wejœcie 3: y(k-1)
%wejœcie 4: y(k-2)
%uczenie w trybie OE
w10(1,1)=-4.7047428567e-002; w1(1,1)=2.1350570133e-001; w1(1,2)=1.3395601654e-002; w1(1,3)=1.2745187649e-001; w1(1,4)=4.7279670455e-001; 
w10(2,1)=-6.8504419109e-002; w1(2,1)=-6.4807011441e-002; w1(2,2)=2.0380445208e-001; w1(2,3)=-1.0143268797e-001; w1(2,4)=-4.1515042413e-001; 
w10(3,1)=6.1291047629e-001; w1(3,1)=-3.0084438476e-001; w1(3,2)=-4.1494839177e-001; w1(3,3)=-2.7912761075e-002; w1(3,4)=4.0645144089e-001; 
w20=-3.5671986102e-001; w2(1)=6.7559147319e-001; w2(2)=-6.5491386062e-001; w2(3)=6.5222283566e-001; 

