
%liczba neuronów ukrytych: 10, liczba wejœæ sieci: 4
%wejœcie 1: u(k-3)
%wejœcie 2: u(k-4)
%wejœcie 3: y(k-1)
%wejœcie 4: y(k-2)
%uczenie w trybie OE
w10(1,1)=-1.1407181584e+000; w1(1,1)=-1.4367469179e-001; w1(1,2)=1.2008720656e+000; w1(1,3)=3.0370153191e-001; w1(1,4)=-6.5670264083e-001; 
w10(2,1)=-6.6579661471e-001; w1(2,1)=1.6024675869e-001; w1(2,2)=9.2119980413e-001; w1(2,3)=9.8407392506e-001; w1(2,4)=-1.2948329005e+000; 
w10(3,1)=-5.4042311868e-001; w1(3,1)=-3.9418706619e-001; w1(3,2)=1.4543515738e+000; w1(3,3)=-5.8648509887e-001; w1(3,4)=-3.8343685245e-002; 
w10(4,1)=-1.2910177666e+000; w1(4,1)=1.9339704985e-002; w1(4,2)=-1.3953893348e-001; w1(4,3)=-9.9305854044e-001; w1(4,4)=3.4312602427e-001; 
w10(5,1)=-4.7208928291e-001; w1(5,1)=1.4108650777e-001; w1(5,2)=-1.7791169707e-001; w1(5,3)=-6.9768138371e-001; w1(5,4)=1.6798856547e-001; 
w10(6,1)=-6.4331585260e-001; w1(6,1)=1.1074228123e-001; w1(6,2)=-1.8607668707e-001; w1(6,3)=1.0784118934e+000; w1(6,4)=-1.5885634091e-001; 
w10(7,1)=8.8367988586e-001; w1(7,1)=-8.1181164458e-001; w1(7,2)=7.1274027587e-003; w1(7,3)=-1.9599895202e-002; w1(7,4)=-4.9186018835e-001; 
w10(8,1)=8.9933074256e-001; w1(8,1)=-4.7252840481e-002; w1(8,2)=-1.1853156454e-002; w1(8,3)=9.6904553880e-001; w1(8,4)=-6.3086467060e-001; 
w10(9,1)=-1.4758645684e-001; w1(9,1)=-1.1477231436e+000; w1(9,2)=-1.0240203310e+000; w1(9,3)=-1.1058568583e+000; w1(9,4)=1.4664475856e-001; 
w10(10,1)=-6.6328871673e-002; w1(10,1)=1.8191002590e+000; w1(10,2)=3.6842115953e-001; w1(10,3)=-2.0671380506e-001; w1(10,4)=1.4377215335e-001; 
w20=-8.4908807665e-001; w2(1)=-2.4729993799e-001; w2(2)=2.6725681405e-001; w2(3)=-2.0795203045e-001; w2(4)=-6.4197684386e-001; w2(5)=-7.9872001764e-001; w2(6)=5.5798575546e-001; w2(7)=-1.6183612810e-001; w2(8)=3.1972067747e-001; w2(9)=1.9542782544e-002; w2(10)=-4.3739171783e-002; 

