
%liczba neuronów ukrytych: 9, liczba wejœæ sieci: 4
%wejœcie 1: u(k-3)
%wejœcie 2: u(k-4)
%wejœcie 3: y(k-1)
%wejœcie 4: y(k-2)
%uczenie w trybie OE
w10(1,1)=-1.1878797175e-001; w1(1,1)=-8.5412166081e-002; w1(1,2)=1.1746329791e+000; w1(1,3)=1.5597430144e-001; w1(1,4)=-7.0523951906e-001; 
w10(2,1)=-2.1240968066e-001; w1(2,1)=-4.6547112751e-001; w1(2,2)=7.1030023962e-001; w1(2,3)=-9.6175143247e-001; w1(2,4)=2.3038188549e-001; 
w10(3,1)=-2.4745651096e+000; w1(3,1)=-4.3805437539e-001; w1(3,2)=4.5236717400e-001; w1(3,3)=-6.6049108314e-001; w1(3,4)=-7.6660538566e-001; 
w10(4,1)=-5.7240438647e-001; w1(4,1)=5.2527318745e-001; w1(4,2)=-4.9504632006e-001; w1(4,3)=-6.7572337253e-002; w1(4,4)=7.2619747463e-001; 
w10(5,1)=1.2993312477e+000; w1(5,1)=-7.7563792026e-001; w1(5,2)=-5.2600396521e-001; w1(5,3)=-1.5788017361e-001; w1(5,4)=-7.4330198659e-001; 
w10(6,1)=-2.1323085879e-001; w1(6,1)=4.7803258486e-001; w1(6,2)=4.3296507583e-001; w1(6,3)=-1.1558790641e+000; w1(6,4)=9.4876218731e-001; 
w10(7,1)=-8.0185596518e-001; w1(7,1)=1.2434595010e-001; w1(7,2)=-4.2807004278e-001; w1(7,3)=-1.1309553603e+000; w1(7,4)=1.5259333402e-001; 
w10(8,1)=6.4809696545e-001; w1(8,1)=3.5232327678e-001; w1(8,2)=-5.2323840650e-001; w1(8,3)=-9.7244255997e-001; w1(8,4)=2.9688939242e-001; 
w10(9,1)=4.8212003550e-001; w1(9,1)=-4.8345639850e-001; w1(9,2)=1.7803022501e-001; w1(9,3)=8.0453136410e-002; w1(9,4)=1.1458220278e+000; 
w20=-6.8292771030e-002; w2(1)=1.5547440605e-001; w2(2)=-5.4257929575e-001; w2(3)=-2.6380397697e-001; w2(4)=3.2390997921e-001; w2(5)=-9.5497402695e-002; w2(6)=-3.7332020315e-001; w2(7)=-3.6415962827e-001; w2(8)=-5.7796834639e-001; w2(9)=-6.1829541419e-002; 

