
%liczba neuronów ukrytych: 4, liczba wejœæ sieci: 4
%wejœcie 1: u(k-3)
%wejœcie 2: u(k-4)
%wejœcie 3: y(k-1)
%wejœcie 4: y(k-2)
%uczenie w trybie ARX
w10(1,1)=1.6252635880e+000; w1(1,1)=-8.2185099420e-002; w1(1,2)=-2.8785800529e-001; w1(1,3)=1.2294587551e+000; w1(1,4)=-1.9736529046e+000; 
w10(2,1)=3.5032369876e-001; w1(2,1)=1.7459782535e-001; w1(2,2)=2.9429260366e-001; w1(2,3)=-4.0388836823e+000; w1(2,4)=-4.0388101125e+000; 
w10(3,1)=2.0490280689e-001; w1(3,1)=3.1375605339e-002; w1(3,2)=-4.7724790932e-001; w1(3,3)=1.9690815991e+000; w1(3,4)=-1.6831596007e+000; 
w10(4,1)=5.5354968022e-001; w1(4,1)=-4.0688179836e-002; w1(4,2)=1.4574010242e-001; w1(4,3)=-2.4536179057e-001; w1(4,4)=5.8466629679e-001; 
w20=2.1122180540e-001; w2(1)=-1.5170517997e+000; w2(2)=-2.1769149616e-003; w2(3)=9.4498032135e-001; w2(4)=1.9928030580e+000; 

