
%liczba neuronów ukrytych: 5, liczba wejœæ sieci: 4
%wejœcie 1: u(k-3)
%wejœcie 2: u(k-4)
%wejœcie 3: y(k-1)
%wejœcie 4: y(k-2)
%uczenie w trybie OE
w10(1,1)=-1.0822619817e-001; w1(1,1)=-1.2115014091e-001; w1(1,2)=-1.8494415367e-001; w1(1,3)=6.0145870074e-002; w1(1,4)=1.3231241919e-001; 
w10(2,1)=7.5966442458e-002; w1(2,1)=1.9450854221e-002; w1(2,2)=-1.8206762205e-001; w1(2,3)=1.2504500808e-001; w1(2,4)=4.4831856706e-001; 
w10(3,1)=1.4938179560e-002; w1(3,1)=-3.6646685081e-002; w1(3,2)=-8.8560762093e-002; w1(3,3)=-1.8806482440e-001; w1(3,4)=-2.2265395885e-001; 
w10(4,1)=5.9366996402e-001; w1(4,1)=-7.6050019686e-002; w1(4,2)=-2.4324883644e-001; w1(4,3)=3.9667808429e-002; w1(4,4)=5.2848632529e-001; 
w10(5,1)=-6.6932786056e-002; w1(5,1)=-1.1219015040e-002; w1(5,2)=-1.3004568561e-002; w1(5,3)=1.2234365349e-001; w1(5,4)=1.2301974341e-001; 
w20=-4.4642176737e-001; w2(1)=1.2173789775e-001; w2(2)=5.6977087067e-001; w2(3)=-2.9156510531e-001; w2(4)=8.4466650168e-001; w2(5)=1.7875611242e-001; 

