
%liczba neuronów ukrytych: 5, liczba wejœæ sieci: 4
%wejœcie 1: u(k-3)
%wejœcie 2: u(k-4)
%wejœcie 3: y(k-1)
%wejœcie 4: y(k-2)
%uczenie w trybie OE
w10(1,1)=7.0521013350e-002; w1(1,1)=2.7814927271e-001; w1(1,2)=2.6524266441e-001; w1(1,3)=-1.2764683970e-002; w1(1,4)=6.4604081757e-002; 
w10(2,1)=6.2709459233e-002; w1(2,1)=1.3473455631e-001; w1(2,2)=2.9340042535e-002; w1(2,3)=1.9365986632e-001; w1(2,4)=3.9781777308e-001; 
w10(3,1)=4.7859737973e-002; w1(3,1)=-1.6054747283e-001; w1(3,2)=-1.6235586337e-002; w1(3,3)=-1.1324521967e-001; w1(3,4)=-3.5550900594e-001; 
w10(4,1)=5.2166084403e-001; w1(4,1)=-2.2311858443e-001; w1(4,2)=-3.1642509106e-001; w1(4,3)=3.0379823923e-002; w1(4,4)=3.4799385244e-001; 
w10(5,1)=2.2563962599e-001; w1(5,1)=-4.1554214275e-001; w1(5,2)=-4.7988727226e-001; w1(5,3)=2.7975942581e-002; w1(5,4)=2.0505594174e-001; 
w20=-3.7687382916e-001; w2(1)=4.2949640494e-002; w2(2)=7.3399665981e-001; w2(3)=-4.8868927677e-001; w2(4)=6.3267363343e-001; w2(5)=2.8360790997e-001; 

