
%liczba neuronów ukrytych: 6, liczba wejœæ sieci: 4
%wejœcie 1: u(k-3)
%wejœcie 2: u(k-4)
%wejœcie 3: y(k-1)
%wejœcie 4: y(k-2)
%uczenie w trybie OE
w10(1,1)=8.9303267632e-001; w1(1,1)=-4.8654100965e-001; w1(1,2)=-2.9147836013e+000; w1(1,3)=-1.8791571190e+000; w1(1,4)=8.0402777097e-001; 
w10(2,1)=1.0132650950e+000; w1(2,1)=8.0957905731e-002; w1(2,2)=-2.8855360609e+000; w1(2,3)=3.9947511158e-001; w1(2,4)=-1.1799181336e+000; 
w10(3,1)=-7.0987866729e-001; w1(3,1)=6.0770785998e-002; w1(3,2)=-2.9531119505e-002; w1(3,3)=1.4561863080e+000; w1(3,4)=-2.3083137676e-001; 
w10(4,1)=1.1803872173e+000; w1(4,1)=-2.5843609721e+000; w1(4,2)=-1.8526030614e+000; w1(4,3)=-5.5041012602e-001; w1(4,4)=-1.1367909606e+000; 
w10(5,1)=-5.5127170579e-001; w1(5,1)=-3.0509369994e-002; w1(5,2)=5.0167954754e-002; w1(5,3)=-7.8428672665e-001; w1(5,4)=3.1744086562e-001; 
w10(6,1)=8.7649534669e-001; w1(6,1)=-2.5284806893e+000; w1(6,2)=-2.8237609041e-001; w1(6,3)=1.4745527698e-001; w1(6,4)=4.7028421892e-001; 
w20=-7.9503153612e-001; w2(1)=2.1013080152e-001; w2(2)=-1.6992437007e-001; w2(3)=3.3796107969e-001; w2(4)=-4.7568568915e-002; w2(5)=-1.9905621170e+000; w2(6)=3.2630257719e-002; 

