
%liczba neuronów ukrytych: 10, liczba wejœæ sieci: 4
%wejœcie 1: u(k-3)
%wejœcie 2: u(k-4)
%wejœcie 3: y(k-1)
%wejœcie 4: y(k-2)
%uczenie w trybie OE
w10(1,1)=2.5820624042e-001; w1(1,1)=5.5896877512e-001; w1(1,2)=1.2032056589e-001; w1(1,3)=3.3750972965e-001; w1(1,4)=9.9105492059e-002; 
w10(2,1)=-1.4806922864e-001; w1(2,1)=1.0713465324e-001; w1(2,2)=1.7593949417e+000; w1(2,3)=1.4393122609e+000; w1(2,4)=-1.1083446601e+000; 
w10(3,1)=-4.1072916235e-001; w1(3,1)=-9.2285867655e-001; w1(3,2)=-2.6682913554e-001; w1(3,3)=-5.0330184819e-001; w1(3,4)=-4.5867337783e-001; 
w10(4,1)=-9.3212016386e-001; w1(4,1)=-5.4385103410e-001; w1(4,2)=6.8707428493e-001; w1(4,3)=4.5455566340e-001; w1(4,4)=-7.5346841669e-001; 
w10(5,1)=5.9255282334e-002; w1(5,1)=5.3150223640e-001; w1(5,2)=9.6701363219e-001; w1(5,3)=-1.5453216377e+000; w1(5,4)=-1.5097984196e+000; 
w10(6,1)=6.6021716172e-001; w1(6,1)=1.1455319824e+000; w1(6,2)=-1.8557751233e+000; w1(6,3)=-9.6872470109e-001; w1(6,4)=7.1246704989e-001; 
w10(7,1)=2.1131149297e-001; w1(7,1)=6.7819148375e-001; w1(7,2)=6.3703520284e-001; w1(7,3)=3.3755614938e-001; w1(7,4)=-6.5746429349e-001; 
w10(8,1)=1.0955267298e-001; w1(8,1)=-1.2869235622e+000; w1(8,2)=-7.9713727635e-001; w1(8,3)=-6.0291722909e-001; w1(8,4)=8.0352327288e-001; 
w10(9,1)=-2.2170065880e-002; w1(9,1)=6.3711567690e-001; w1(9,2)=-3.7260889941e-001; w1(9,3)=-1.6180991996e+000; w1(9,4)=1.3380415470e+000; 
w10(10,1)=-3.0164240911e-001; w1(10,1)=4.4625831496e-001; w1(10,2)=-4.5212470839e-001; w1(10,3)=-4.7399138029e-001; w1(10,4)=8.0939261711e-001; 
w20=-4.0118606480e-001; w2(1)=5.6245233435e-001; w2(2)=-1.3306525220e-001; w2(3)=1.1871666035e-001; w2(4)=-1.0321379103e+000; w2(5)=3.6954390306e-004; w2(6)=-3.0856251053e-001; w2(7)=1.0034751636e-001; w2(8)=-2.3640615181e-002; w2(9)=-1.2820176497e+000; w2(10)=1.1515047015e+000; 

