
%liczba neuronów ukrytych: 10, liczba wejœæ sieci: 4
%wejœcie 1: u(k-3)
%wejœcie 2: u(k-4)
%wejœcie 3: y(k-1)
%wejœcie 4: y(k-2)
%uczenie w trybie ARX
w10(1,1)=-8.4986265819e-001; w1(1,1)=-2.6408471381e-001; w1(1,2)=1.1740241444e-001; w1(1,3)=5.0852159949e-001; w1(1,4)=2.8946810654e-001; 
w10(2,1)=1.5331978492e+000; w1(2,1)=9.6660594801e-002; w1(2,2)=2.6814958276e-001; w1(2,3)=-1.0415855087e+000; w1(2,4)=-3.0762273596e-001; 
w10(3,1)=-5.6790018123e-002; w1(3,1)=6.8048495052e-001; w1(3,2)=4.1676128290e-001; w1(3,3)=-1.0632587658e-001; w1(3,4)=6.3933665838e-001; 
w10(4,1)=3.6682705773e-001; w1(4,1)=-7.8139187120e-001; w1(4,2)=-5.6532513756e-001; w1(4,3)=6.6988828139e-001; w1(4,4)=-4.6113235853e-001; 
w10(5,1)=-4.7976474475e-001; w1(5,1)=-1.3727560531e-001; w1(5,2)=2.3662418151e-001; w1(5,3)=-5.4950830972e-001; w1(5,4)=5.4315036331e-002; 
w10(6,1)=-7.1028910143e-002; w1(6,1)=2.0754418466e-002; w1(6,2)=2.9731486935e-001; w1(6,3)=-4.4584725068e-001; w1(6,4)=-8.1291443181e-002; 
w10(7,1)=-1.1452102913e-001; w1(7,1)=-8.3424321709e-001; w1(7,2)=-6.8956127088e-001; w1(7,3)=-1.2780537861e+000; w1(7,4)=4.6778778817e-001; 
w10(8,1)=-1.3019390717e+000; w1(8,1)=2.1930115087e-001; w1(8,2)=-1.6070800616e-001; w1(8,3)=-6.2674302549e-001; w1(8,4)=-6.3727704524e-002; 
w10(9,1)=-1.1854096491e-001; w1(9,1)=8.0257497625e-002; w1(9,2)=1.0168228068e-001; w1(9,3)=-2.8797601861e-001; w1(9,4)=-3.5462240680e-002; 
w10(10,1)=-3.6022651882e-002; w1(10,1)=3.2341718646e-001; w1(10,2)=2.8329081447e-001; w1(10,3)=5.2848225857e-001; w1(10,4)=-7.0897849304e-001; 
w20=-4.9662736585e-001; w2(1)=7.8980732314e-001; w2(2)=1.1581663774e-001; w2(3)=8.8531918637e-001; w2(4)=4.0913263519e-001; w2(5)=-5.9852721035e-001; w2(6)=-5.4366788188e-001; w2(7)=6.6333043071e-001; w2(8)=-7.1359630175e-001; w2(9)=-2.8187161050e-001; w2(10)=9.2299506211e-001; 

