
%liczba neuronów ukrytych: 9, liczba wejœæ sieci: 4
%wejœcie 1: u(k-3)
%wejœcie 2: u(k-4)
%wejœcie 3: y(k-1)
%wejœcie 4: y(k-2)
%uczenie w trybie ARX
w10(1,1)=-6.5580512410e-001; w1(1,1)=-2.7117956251e-001; w1(1,2)=1.4968376237e-001; w1(1,3)=1.1085378786e-001; w1(1,4)=-8.5632953768e-001; 
w10(2,1)=7.0121157633e-001; w1(2,1)=4.9279504506e-001; w1(2,2)=5.0527460285e-001; w1(2,3)=-1.6281928375e-001; w1(2,4)=-2.9480461412e-001; 
w10(3,1)=1.1067076684e+000; w1(3,1)=-5.5882929121e-001; w1(3,2)=-5.1767280441e-001; w1(3,3)=-3.2406016360e-001; w1(3,4)=-3.7122061598e-001; 
w10(4,1)=-1.1178339664e+000; w1(4,1)=-3.5559965114e-001; w1(4,2)=-6.2034921101e-002; w1(4,3)=7.7371757273e-002; w1(4,4)=7.6197424822e-001; 
w10(5,1)=3.8657053549e-001; w1(5,1)=-1.9850259894e-001; w1(5,2)=-4.8462346228e-001; w1(5,3)=7.7395207333e-001; w1(5,4)=-2.3795890795e-001; 
w10(6,1)=-4.4276631324e-001; w1(6,1)=-4.7135595525e-001; w1(6,2)=-2.6588804343e-001; w1(6,3)=6.1702243266e-001; w1(6,4)=6.9639385628e-001; 
w10(7,1)=5.4626026158e-001; w1(7,1)=-1.3715028359e-001; w1(7,2)=-3.8287830347e-001; w1(7,3)=-1.0063326201e-001; w1(7,4)=8.1416300314e-001; 
w10(8,1)=5.4442095463e-001; w1(8,1)=-5.5842646800e-001; w1(8,2)=-4.4812299244e-001; w1(8,3)=-4.9556529804e-001; w1(8,4)=4.2816634614e-001; 
w10(9,1)=1.4939068924e+000; w1(9,1)=1.4552110661e-001; w1(9,2)=4.1301325744e-001; w1(9,3)=7.1648597857e-001; w1(9,4)=-1.4622451461e-001; 
w20=-6.8770918062e-001; w2(1)=-6.6422879319e-001; w2(2)=8.5336548694e-002; w2(3)=-9.0321117733e-001; w2(4)=4.0451655709e-001; w2(5)=1.1091052679e+000; w2(6)=1.7445400876e-002; w2(7)=-7.0387200789e-001; w2(8)=5.1362732725e-001; w2(9)=1.1077504815e+000; 

