
%liczba neuronów ukrytych: 10, liczba wejœæ sieci: 4
%wejœcie 1: u(k-3)
%wejœcie 2: u(k-4)
%wejœcie 3: y(k-1)
%wejœcie 4: y(k-2)
%uczenie w trybie OE
w10(1,1)=-1.8211755383e+000; w1(1,1)=1.5015035626e+000; w1(1,2)=2.8512509893e+000; w1(1,3)=1.1731485994e-001; w1(1,4)=-2.3097210279e-001; 
w10(2,1)=5.3848010195e-002; w1(2,1)=8.3766746312e-001; w1(2,2)=7.8312602681e-001; w1(2,3)=4.1306143188e-001; w1(2,4)=-8.4167488638e-002; 
w10(3,1)=-3.9138293110e-001; w1(3,1)=2.9614429191e-001; w1(3,2)=-1.1177562447e-001; w1(3,3)=-9.8195542206e-001; w1(3,4)=7.0923587498e-001; 
w10(4,1)=-2.2491733591e-001; w1(4,1)=4.4148533712e-001; w1(4,2)=1.1254882749e+000; w1(4,3)=-3.5247225060e-001; w1(4,4)=2.1599439824e-001; 
w10(5,1)=-1.8780824515e-001; w1(5,1)=-2.8645826479e-001; w1(5,2)=-8.4822590798e-001; w1(5,3)=-5.1507761951e-001; w1(5,4)=7.9730509600e-001; 
w10(6,1)=-1.4087194618e-001; w1(6,1)=-2.1054748173e-001; w1(6,2)=1.5155392578e-001; w1(6,3)=-7.1918946025e-001; w1(6,4)=1.5913839535e-001; 
w10(7,1)=5.2785538264e-001; w1(7,1)=-8.4769350692e-001; w1(7,2)=2.2026076840e-001; w1(7,3)=5.9407863805e-002; w1(7,4)=-3.8310203245e-001; 
w10(8,1)=-7.3741382009e-001; w1(8,1)=-5.6901583423e-002; w1(8,2)=2.9924672870e-002; w1(8,3)=5.4064771979e-001; w1(8,4)=2.4517700831e-001; 
w10(9,1)=-1.3715678519e+000; w1(9,1)=-3.1911744411e-001; w1(9,2)=2.0718014930e-001; w1(9,3)=-3.1260661476e-004; w1(9,4)=-8.0100780724e-001; 
w10(10,1)=4.4300926114e-001; w1(10,1)=5.2788883018e-003; w1(10,2)=1.2465460730e-001; w1(10,3)=-9.4180749763e-001; w1(10,4)=-6.6805546400e-001; 
w20=-4.4916312469e-001; w2(1)=4.4503810106e-003; w2(2)=-4.8660375213e-002; w2(3)=-1.0423013238e+000; w2(4)=-8.4049249946e-002; w2(5)=-8.9155690556e-002; w2(6)=-6.7658494244e-001; w2(7)=-2.6797807458e-001; w2(8)=4.9793760906e-001; w2(9)=-4.2985307950e-001; w2(10)=5.8536528107e-003; 

