
%liczba neuronów ukrytych: 4, liczba wejœæ sieci: 4
%wejœcie 1: u(k-3)
%wejœcie 2: u(k-4)
%wejœcie 3: y(k-1)
%wejœcie 4: y(k-2)
%uczenie w trybie OE
w10(1,1)=3.8368181035e-001; w1(1,1)=-2.0829523661e-001; w1(1,2)=-2.6248535390e-001; w1(1,3)=1.0967451107e-001; w1(1,4)=4.4472746918e-001; 
w10(2,1)=-6.4513266871e-002; w1(2,1)=3.0036077525e-002; w1(2,2)=-1.1637705121e-001; w1(2,3)=1.7592082023e-001; w1(2,4)=1.7619581053e-001; 
w10(3,1)=8.4708285786e-003; w1(3,1)=-7.9831006972e-002; w1(3,2)=5.6414997948e-002; w1(3,3)=-1.8582854283e-001; w1(3,4)=-3.1265174431e-001; 
w10(4,1)=-5.1810598322e-001; w1(4,1)=2.6943874535e-002; w1(4,2)=1.4850879191e-001; w1(4,3)=-3.2044246261e-002; w1(4,4)=-5.2741504486e-001; 
w20=-4.9815952514e-001; w2(1)=4.6387406648e-001; w2(2)=2.4576232133e-001; w2(3)=-4.0030777367e-001; w2(4)=-7.7671675115e-001; 

