
%liczba neuronów ukrytych: 2, liczba wejœæ sieci: 4
%wejœcie 1: u(k-3)
%wejœcie 2: u(k-4)
%wejœcie 3: y(k-1)
%wejœcie 4: y(k-2)
%uczenie w trybie OE
w10(1,1)=3.7918403485e-001; w1(1,1)=2.7200019549e-002; w1(1,2)=2.3685924342e-002; w1(1,3)=9.6624419935e-001; w1(1,4)=-4.7284418576e-001; 
w10(2,1)=-6.5308497133e-001; w1(2,1)=-1.2549979204e-001; w1(2,2)=-2.9445435954e-001; w1(2,3)=-2.4886753479e+000; w1(2,4)=1.6181834874e+000; 
w20=-7.2438269310e-001; w2(1)=3.6249647001e+000; w2(2)=1.0190455036e+000; 

