
%liczba neuronów ukrytych: 7, liczba wejœæ sieci: 4
%wejœcie 1: u(k-3)
%wejœcie 2: u(k-4)
%wejœcie 3: y(k-1)
%wejœcie 4: y(k-2)
%uczenie w trybie OE
w10(1,1)=-1.2999730077e+000; w1(1,1)=1.1080618688e+000; w1(1,2)=3.8315510662e-001; w1(1,3)=-1.5042028626e-001; w1(1,4)=3.2845576395e-001; 
w10(2,1)=1.4136876458e+000; w1(2,1)=-1.1045182984e-001; w1(2,2)=-6.8455982163e-001; w1(2,3)=5.0256610039e-002; w1(2,4)=1.8217707312e-001; 
w10(3,1)=1.3403873034e+000; w1(3,1)=1.6501019447e-001; w1(3,2)=-1.5649277186e+000; w1(3,3)=-1.0649738374e-001; w1(3,4)=-4.6085268134e-001; 
w10(4,1)=-3.4615687233e-001; w1(4,1)=-2.5497146221e-001; w1(4,2)=1.2831707937e-001; w1(4,3)=-3.2181508817e-001; w1(4,4)=-2.9140429691e-001; 
w10(5,1)=3.1011098797e-001; w1(5,1)=3.3782391178e-001; w1(5,2)=-3.5870015294e-001; w1(5,3)=-8.5883143038e-002; w1(5,4)=9.3315179604e-001; 
w10(6,1)=6.3067240145e-001; w1(6,1)=-7.8811578636e-001; w1(6,2)=-6.1663201356e-003; w1(6,3)=9.3782094988e-001; w1(6,4)=-7.0614183228e-001; 
w10(7,1)=-1.2379215712e-002; w1(7,1)=-2.4620268469e-002; w1(7,2)=8.1450991105e-002; w1(7,3)=-6.7442951862e-001; w1(7,4)=6.9466202358e-002; 
w20=-5.8396741483e-001; w2(1)=3.2348344159e-001; w2(2)=4.6670734620e-001; w2(3)=6.2152189091e-002; w2(4)=-1.3251077715e+000; w2(5)=-8.7490265809e-001; w2(6)=3.5614484839e-001; w2(7)=-1.3829310818e+000; 

