
%liczba neuronów ukrytych: 2, liczba wejœæ sieci: 4
%wejœcie 1: u(k-3)
%wejœcie 2: u(k-4)
%wejœcie 3: y(k-1)
%wejœcie 4: y(k-2)
%uczenie w trybie OE
w10(1,1)=4.8114543716e-001; w1(1,1)=-7.8182556533e-002; w1(1,2)=-1.8161316914e-001; w1(1,3)=9.0762381923e-002; w1(1,4)=4.7991110032e-001; 
w10(2,1)=-1.7081439800e-001; w1(2,1)=4.4581692841e-002; w1(2,2)=9.8232477167e-002; w1(2,3)=-2.1159992253e-001; w1(2,4)=-3.8716892403e-001; 
w20=-5.5060516005e-001; w2(1)=1.0451802876e+000; w2(2)=-6.3473963081e-001; 

