
%liczba neuronów ukrytych: 3, liczba wejœæ sieci: 4
%wejœcie 1: u(k-3)
%wejœcie 2: u(k-4)
%wejœcie 3: y(k-1)
%wejœcie 4: y(k-2)
%uczenie w trybie ARX
w10(1,1)=-1.9398445573e-001; w1(1,1)=8.5361879470e-004; w1(1,2)=2.4074986547e-001; w1(1,3)=-1.4819616460e+000; w1(1,4)=1.2335953222e+000; 
w10(2,1)=2.2937373704e+000; w1(2,1)=-1.8889056071e+000; w1(2,2)=-5.7970220131e-001; w1(2,3)=-8.4179563173e-001; w1(2,4)=-5.9031322390e-001; 
w10(3,1)=2.0588321282e-002; w1(3,1)=1.3464423631e-002; w1(3,2)=-1.6465182299e-001; w1(3,3)=8.6364810403e-001; w1(3,4)=-9.8053695549e-001; 
w20=-3.4092869206e-001; w2(1)=-2.5171382043e+000; w2(2)=-7.7799463426e-002; w2(3)=-2.8728453881e+000; 

