
%liczba neuronów ukrytych: 3, liczba wejœæ sieci: 4
%wejœcie 1: u(k-3)
%wejœcie 2: u(k-4)
%wejœcie 3: y(k-1)
%wejœcie 4: y(k-2)
%uczenie w trybie OE
w10(1,1)=-1.1906397645e-001; w1(1,1)=1.0115074724e-001; w1(1,2)=9.3358407840e-002; w1(1,3)=1.3509688013e-001; w1(1,4)=3.4187789092e-001; 
w10(2,1)=1.0824492281e-002; w1(2,1)=2.5806533884e-001; w1(2,2)=2.6842912984e-001; w1(2,3)=4.0475354874e-002; w1(2,4)=-5.2914005165e-002; 
w10(3,1)=3.8648850658e-001; w1(3,1)=-8.3119843572e-002; w1(3,2)=-2.6238939378e-001; w1(3,3)=2.0311286880e-002; w1(3,4)=4.5900518286e-001; 
w20=-4.2438416200e-001; w2(1)=6.1612413179e-001; w2(2)=9.9206956031e-003; w2(3)=1.4005835414e+000; 

