
%liczba neuronów ukrytych: 9, liczba wejœæ sieci: 4
%wejœcie 1: u(k-3)
%wejœcie 2: u(k-4)
%wejœcie 3: y(k-1)
%wejœcie 4: y(k-2)
%uczenie w trybie ARX
w10(1,1)=-8.7080027511e-001; w1(1,1)=1.3983923712e-001; w1(1,2)=-3.7176825128e-001; w1(1,3)=-4.3107637962e-001; w1(1,4)=-2.3564734924e-001; 
w10(2,1)=6.5038496650e-001; w1(2,1)=4.7829476002e-001; w1(2,2)=2.3166794716e-001; w1(2,3)=-3.1121654829e-001; w1(2,4)=-1.2543262692e-001; 
w10(3,1)=1.2363479351e+000; w1(3,1)=-2.2089768512e-001; w1(3,2)=-5.7519867623e-001; w1(3,3)=-1.0632675205e-001; w1(3,4)=-5.9513286214e-001; 
w10(4,1)=1.0529521609e+000; w1(4,1)=9.1055703003e-001; w1(4,2)=9.7234476798e-001; w1(4,3)=-1.5265434572e-002; w1(4,4)=-3.0565817053e-001; 
w10(5,1)=1.1808020347e+000; w1(5,1)=3.8639509923e-001; w1(5,2)=2.7660899986e-001; w1(5,3)=-9.0803737943e-001; w1(5,4)=-8.7178291887e-001; 
w10(6,1)=8.7940191987e-002; w1(6,1)=6.1023875707e-001; w1(6,2)=7.4641834569e-001; w1(6,3)=-3.4785618900e-001; w1(6,4)=1.0727065693e+000; 
w10(7,1)=-3.0271056679e-001; w1(7,1)=-6.0381300370e-002; w1(7,2)=5.6748558953e-001; w1(7,3)=-1.2375764988e+000; w1(7,4)=9.1206579693e-001; 
w10(8,1)=8.6793319299e-001; w1(8,1)=-1.3639616920e-001; w1(8,2)=4.0332244121e-001; w1(8,3)=3.2838532454e-001; w1(8,4)=5.3276752633e-002; 
w10(9,1)=1.9767199145e-001; w1(9,1)=7.3203993989e-001; w1(9,2)=1.3598901409e+000; w1(9,3)=1.4519643161e+000; w1(9,4)=-3.8934432398e-001; 
w20=-2.4062985914e-001; w2(1)=-5.2705547826e-001; w2(2)=-6.1078216872e-001; w2(3)=-6.5807176690e-001; w2(4)=2.4603864336e-001; w2(5)=-2.6902777845e-002; w2(6)=6.5183983660e-001; w2(7)=-9.8468785261e-001; w2(8)=4.9878678283e-001; w2(9)=-4.5746084650e-001; 

