
%liczba neuronów ukrytych: 3, liczba wejœæ sieci: 4
%wejœcie 1: u(k-3)
%wejœcie 2: u(k-4)
%wejœcie 3: y(k-1)
%wejœcie 4: y(k-2)
%uczenie w trybie OE
w10(1,1)=-1.6020536731e-001; w1(1,1)=-6.9849238662e-002; w1(1,2)=2.1219764705e-001; w1(1,3)=-9.8928492050e-002; w1(1,4)=-4.6416279551e-001; 
w10(2,1)=-6.1086397289e-001; w1(2,1)=9.3470078248e-002; w1(2,2)=1.6079478024e-001; w1(2,3)=-9.5431970406e-002; w1(2,4)=-5.0906361270e-001; 
w10(3,1)=-3.6326968317e-002; w1(3,1)=-3.6104687181e-003; w1(3,2)=2.0909058480e-001; w1(3,3)=-1.2074883309e-001; w1(3,4)=-3.5020464854e-001; 
w20=-5.1828142475e-001; w2(1)=-5.2218349933e-001; w2(2)=-8.0326033137e-001; w2(3)=-4.4839237994e-001; 

