
%liczba neuronów ukrytych: 9, liczba wejœæ sieci: 4
%wejœcie 1: u(k-3)
%wejœcie 2: u(k-4)
%wejœcie 3: y(k-1)
%wejœcie 4: y(k-2)
%uczenie w trybie OE
w10(1,1)=-6.2692518942e-001; w1(1,1)=1.1484785474e+000; w1(1,2)=-1.2237810597e+000; w1(1,3)=-1.6567489852e-001; w1(1,4)=1.3265195419e+000; 
w10(2,1)=-2.3682426257e-001; w1(2,1)=2.4888747742e+000; w1(2,2)=1.5467179032e+000; w1(2,3)=9.6144470140e-003; w1(2,4)=-2.7072172791e-001; 
w10(3,1)=6.2650423936e-001; w1(3,1)=-5.6541233795e-001; w1(3,2)=-2.0173479615e+000; w1(3,3)=-5.6010482115e-001; w1(3,4)=-5.9171960946e-001; 
w10(4,1)=-7.8163346125e-001; w1(4,1)=-4.4263077447e-001; w1(4,2)=1.0823154556e+000; w1(4,3)=7.9514211849e-001; w1(4,4)=-1.1319069612e-001; 
w10(5,1)=-2.5407379215e-001; w1(5,1)=-3.4728071508e-001; w1(5,2)=3.0336839953e-001; w1(5,3)=-7.5590674333e-001; w1(5,4)=2.5684232922e-001; 
w10(6,1)=9.4983186628e-001; w1(6,1)=-2.2190430013e-001; w1(6,2)=4.9128752945e-001; w1(6,3)=2.2519178704e-001; w1(6,4)=4.3933421180e-001; 
w10(7,1)=4.0611155359e-001; w1(7,1)=1.0923200327e-001; w1(7,2)=-5.0029659894e-001; w1(7,3)=1.1061921285e+000; w1(7,4)=-8.0094847776e-001; 
w10(8,1)=8.8949257617e-001; w1(8,1)=1.2969048021e-001; w1(8,2)=-1.4091461609e-001; w1(8,3)=1.1798969837e-002; w1(8,4)=-1.3083215020e+000; 
w10(9,1)=-2.2951893004e-002; w1(9,1)=4.2567232789e-001; w1(9,2)=1.1100185420e+000; w1(9,3)=6.0785759141e-001; w1(9,4)=-4.2292105498e-002; 
w20=-5.3619498353e-001; w2(1)=6.3050937960e-002; w2(2)=-2.2247776558e-002; w2(3)=-3.0314455687e-002; w2(4)=3.7174665220e-001; w2(5)=-6.2777514685e-001; w2(6)=6.8140336947e-001; w2(7)=6.8358317020e-001; w2(8)=-1.4049129802e-001; w2(9)=-1.1049884472e-001; 

