
%liczba neuronów ukrytych: 7, liczba wejœæ sieci: 4
%wejœcie 1: u(k-3)
%wejœcie 2: u(k-4)
%wejœcie 3: y(k-1)
%wejœcie 4: y(k-2)
%uczenie w trybie ARX
w10(1,1)=-3.2699403993e-001; w1(1,1)=-1.5059037875e-001; w1(1,2)=-1.6463164804e-001; w1(1,3)=3.8795329739e-002; w1(1,4)=4.5147624880e-001; 
w10(2,1)=1.9703109928e+000; w1(2,1)=-1.5806934272e-001; w1(2,2)=8.2079977715e-001; w1(2,3)=7.7047214069e-001; w1(2,4)=-1.2106060319e-001; 
w10(3,1)=1.2936236121e+000; w1(3,1)=-2.5949626977e-001; w1(3,2)=-3.2085041368e-001; w1(3,3)=3.5808827082e-002; w1(3,4)=-7.3926294914e-001; 
w10(4,1)=2.7570014182e-001; w1(4,1)=-2.5151923396e-001; w1(4,2)=-2.1739877601e-001; w1(4,3)=-9.3187904718e-001; w1(4,4)=1.4347219898e+000; 
w10(5,1)=3.6329993759e-001; w1(5,1)=-3.7130655473e-001; w1(5,2)=-5.4519054668e-001; w1(5,3)=-2.0755378684e-002; w1(5,4)=2.9548337653e-001; 
w10(6,1)=-4.2257143853e-001; w1(6,1)=-2.0606786082e-002; w1(6,2)=6.2707566718e-002; w1(6,3)=1.6620677202e-001; w1(6,4)=-6.6193004938e-001; 
w10(7,1)=-1.0180680642e+000; w1(7,1)=1.5852371265e-001; w1(7,2)=-1.5913495990e-001; w1(7,3)=8.5205146247e-001; w1(7,4)=1.3666892706e-001; 
w20=-2.7921673505e-001; w2(1)=1.0049092477e+000; w2(2)=9.3856536583e-001; w2(3)=-1.3924236279e+000; w2(4)=-1.4195057783e+000; w2(5)=9.2612947760e-001; w2(6)=-1.7704930107e+000; w2(7)=-3.1835919560e-001; 

