
%liczba neuronów ukrytych: 6, liczba wejœæ sieci: 4
%wejœcie 1: u(k-3)
%wejœcie 2: u(k-4)
%wejœcie 3: y(k-1)
%wejœcie 4: y(k-2)
%uczenie w trybie OE
w10(1,1)=1.1309717939e+000; w1(1,1)=2.1516252450e-001; w1(1,2)=-3.0240548677e-001; w1(1,3)=3.5279134379e-001; w1(1,4)=3.2141402198e-001; 
w10(2,1)=-1.4722821223e-001; w1(2,1)=-6.0431357716e-001; w1(2,2)=1.4240288906e+000; w1(2,3)=5.8839838934e-001; w1(2,4)=-4.7040592639e-001; 
w10(3,1)=-9.1996076628e-001; w1(3,1)=1.9536653535e+000; w1(3,2)=-5.6997435071e-001; w1(3,3)=-1.7818441687e+000; w1(3,4)=7.3213010695e-001; 
w10(4,1)=6.8858424190e-001; w1(4,1)=3.9727784625e-001; w1(4,2)=-5.0977054716e-001; w1(4,3)=-3.2438336721e-001; w1(4,4)=9.6440467273e-002; 
w10(5,1)=6.2550512046e-002; w1(5,1)=6.4319120849e-001; w1(5,2)=-1.4862357166e+000; w1(5,3)=8.2434135502e-001; w1(5,4)=-8.7348063277e-001; 
w10(6,1)=-4.1443858234e-001; w1(6,1)=1.8576863572e-001; w1(6,2)=-1.7441655025e-001; w1(6,3)=6.1685037225e-001; w1(6,4)=1.6273246128e-001; 
w20=-6.5712043377e-003; w2(1)=1.0357370043e+000; w2(2)=5.0209378719e-001; w2(3)=-4.6856691364e-002; w2(4)=-8.4739195347e-001; w2(5)=6.0028505587e-001; w2(6)=8.3151872738e-001; 

