
%liczba neuronów ukrytych: 4, liczba wejœæ sieci: 4
%wejœcie 1: u(k-3)
%wejœcie 2: u(k-4)
%wejœcie 3: y(k-1)
%wejœcie 4: y(k-2)
%uczenie w trybie ARX
w10(1,1)=-1.9736440220e+000; w1(1,1)=5.7441218757e-002; w1(1,2)=-1.4879729575e-001; w1(1,3)=3.6203928875e+000; w1(1,4)=-2.3955667907e+000; 
w10(2,1)=6.6968458320e-001; w1(2,1)=-4.0235329032e-003; w1(2,2)=-9.8502742867e-002; w1(2,3)=5.9683726387e-001; w1(2,4)=-1.5556041065e-001; 
w10(3,1)=-2.8473863725e+000; w1(3,1)=-3.1020174643e-001; w1(3,2)=1.3177700054e+000; w1(3,3)=-2.9971275514e+000; w1(3,4)=2.6508558680e+000; 
w10(4,1)=1.1022124773e+000; w1(4,1)=-2.1587531184e-002; w1(4,2)=2.1995595208e-002; w1(4,3)=-1.5617075314e+000; w1(4,4)=6.6361125797e-001; 
w20=-8.4536148231e-001; w2(1)=-1.6961767014e+000; w2(2)=2.0403714323e+000; w2(3)=6.7555195345e-001; w2(4)=-1.6352860394e+000; 

