
%liczba neuronów ukrytych: 5, liczba wejœæ sieci: 4
%wejœcie 1: u(k-3)
%wejœcie 2: u(k-4)
%wejœcie 3: y(k-1)
%wejœcie 4: y(k-2)
%uczenie w trybie OE
w10(1,1)=-1.2271990943e+000; w1(1,1)=1.5222075780e-001; w1(1,2)=5.5925398214e-001; w1(1,3)=-1.4673201680e+000; w1(1,4)=9.2378912880e-001; 
w10(2,1)=-8.8361586341e-001; w1(2,1)=5.2912464372e-002; w1(2,2)=-2.3379320078e-001; w1(2,3)=1.3385676481e-001; w1(2,4)=-6.0020358657e-001; 
w10(3,1)=-1.0882394163e+000; w1(3,1)=-6.0703393006e-001; w1(3,2)=1.1654682462e+000; w1(3,3)=2.1025529416e-001; w1(3,4)=7.8994962963e-001; 
w10(4,1)=-8.8275101305e-002; w1(4,1)=-4.1651487961e-001; w1(4,2)=4.0946996985e-001; w1(4,3)=-1.5386111921e-001; w1(4,4)=-2.1159603416e-001; 
w10(5,1)=2.9130257779e-002; w1(5,1)=-9.9609453913e-001; w1(5,2)=4.0329761758e-001; w1(5,3)=3.0348917679e+000; w1(5,4)=-2.7958685133e+000; 
w20=-4.9478159409e-001; w2(1)=-1.4588864806e-001; w2(2)=-7.4108713050e-001; w2(3)=3.6620926266e-001; w2(4)=-1.4399474376e+000; w2(5)=4.1220490350e-001; 

