
%liczba neuronów ukrytych: 9, liczba wejœæ sieci: 4
%wejœcie 1: u(k-3)
%wejœcie 2: u(k-4)
%wejœcie 3: y(k-1)
%wejœcie 4: y(k-2)
%uczenie w trybie OE
w10(1,1)=5.8045208243e-002; w1(1,1)=-4.0415361350e-002; w1(1,2)=5.5704306718e-002; w1(1,3)=-4.6337019704e-003; w1(1,4)=-2.6964244395e-001; 
w10(2,1)=-4.7725804638e-002; w1(2,1)=-9.5295055031e-002; w1(2,2)=-6.4230261469e-002; w1(2,3)=1.5041268657e-001; w1(2,4)=1.2799008886e-001; 
w10(3,1)=5.9770189629e-001; w1(3,1)=-1.1328749454e-001; w1(3,2)=-2.6388404606e-001; w1(3,3)=1.5626886320e-001; w1(3,4)=4.1220094003e-001; 
w10(4,1)=1.8979191644e-002; w1(4,1)=6.9525430719e-002; w1(4,2)=2.4730533936e-003; w1(4,3)=-4.3890521420e-002; w1(4,4)=1.0634225707e-001; 
w10(5,1)=2.6744997553e-002; w1(5,1)=-1.4312968430e-001; w1(5,2)=-1.7873184782e-001; w1(5,3)=4.5881073440e-003; w1(5,4)=2.9496728551e-001; 
w10(6,1)=7.5231878355e-002; w1(6,1)=1.7403774317e-002; w1(6,2)=8.4559247078e-002; w1(6,3)=-1.2807205756e-002; w1(6,4)=2.5509367874e-002; 
w10(7,1)=7.8384607865e-005; w1(7,1)=-9.5764245768e-002; w1(7,2)=2.1944831176e-002; w1(7,3)=-5.2651249310e-002; w1(7,4)=-3.2622598803e-001; 
w10(8,1)=1.4712550517e-001; w1(8,1)=9.4139971404e-002; w1(8,2)=-8.5898748687e-002; w1(8,3)=1.7982350577e-001; w1(8,4)=3.5867026789e-001; 
w10(9,1)=-8.1119018085e-002; w1(9,1)=-5.1746254068e-002; w1(9,2)=-1.8310898514e-001; w1(9,3)=6.5855255989e-002; w1(9,4)=1.2928428357e-001; 
w20=-3.8405773074e-001; w2(1)=-2.4602595419e-001; w2(2)=1.5769423624e-001; w2(3)=6.5540835250e-001; w2(4)=8.8709031007e-002; w2(5)=2.3540884380e-001; w2(6)=3.9774611629e-002; w2(7)=-3.5033794147e-001; w2(8)=4.6629466119e-001; w2(9)=1.3542478521e-001; 

