
%liczba neuronów ukrytych: 9, liczba wejœæ sieci: 4
%wejœcie 1: u(k-3)
%wejœcie 2: u(k-4)
%wejœcie 3: y(k-1)
%wejœcie 4: y(k-2)
%uczenie w trybie ARX
w10(1,1)=1.1128136442e-001; w1(1,1)=3.1103058425e-001; w1(1,2)=8.9063295012e-001; w1(1,3)=9.0866185402e-001; w1(1,4)=4.9570191971e-003; 
w10(2,1)=1.9731867467e-001; w1(2,1)=-2.6746650239e-001; w1(2,2)=1.8017619713e-001; w1(2,3)=3.7976319593e-001; w1(2,4)=-2.7056162330e-001; 
w10(3,1)=6.9572550568e-001; w1(3,1)=2.9756894224e-001; w1(3,2)=1.3775440873e-001; w1(3,3)=-2.5906767422e-001; w1(3,4)=-4.4056657215e-001; 
w10(4,1)=-1.8717989271e-001; w1(4,1)=-1.1019316494e-002; w1(4,2)=4.8132270083e-001; w1(4,3)=-9.3182923711e-001; w1(4,4)=5.7187002204e-001; 
w10(5,1)=-6.4909770071e-001; w1(5,1)=4.8518636649e-001; w1(5,2)=3.7682495871e-001; w1(5,3)=8.5350975703e-002; w1(5,4)=2.3731301019e-001; 
w10(6,1)=-9.0978950542e-001; w1(6,1)=-5.9305503331e-002; w1(6,2)=3.1360368435e-002; w1(6,3)=-4.6496524763e-001; w1(6,4)=-1.5183022486e-001; 
w10(7,1)=9.9851221562e-001; w1(7,1)=8.3729200068e-001; w1(7,2)=9.7542864964e-001; w1(7,3)=1.3607510774e-001; w1(7,4)=-2.9240687984e-001; 
w10(8,1)=-1.8173094983e-001; w1(8,1)=-7.5503225402e-001; w1(8,2)=-1.2562451861e+000; w1(8,3)=-9.8862511902e-001; w1(8,4)=-8.8513850573e-002; 
w10(9,1)=1.1191987842e-001; w1(9,1)=4.5638469519e-001; w1(9,2)=7.8378766760e-001; w1(9,3)=-6.0130329347e-002; w1(9,4)=8.6462043162e-001; 
w20=-3.6637878537e-001; w2(1)=-5.6367137124e-001; w2(2)=1.0243410854e+000; w2(3)=-4.8116467547e-001; w2(4)=-1.0600506016e+000; w2(5)=6.3082692873e-001; w2(6)=-6.0403114873e-001; w2(7)=2.7723236305e-001; w2(8)=4.7529816021e-001; w2(9)=1.1028848416e+000; 

