
%liczba neuronów ukrytych: 3, liczba wejœæ sieci: 4
%wejœcie 1: u(k-3)
%wejœcie 2: u(k-4)
%wejœcie 3: y(k-1)
%wejœcie 4: y(k-2)
%uczenie w trybie OE
w10(1,1)=1.8227123363e-001; w1(1,1)=-1.0495685325e-001; w1(1,2)=9.4417244665e-002; w1(1,3)=9.1166757105e-001; w1(1,4)=-5.9775701242e-001; 
w10(2,1)=2.6879297244e-001; w1(2,1)=-1.4078787082e+000; w1(2,2)=-2.9329454651e+000; w1(2,3)=-5.3191489118e+000; w1(2,4)=4.1975651792e+000; 
w10(3,1)=3.3431030154e-001; w1(3,1)=-6.9730632708e-001; w1(3,2)=6.7135411416e-001; w1(3,3)=2.1727157509e+000; w1(3,4)=-2.2676498120e+000; 
w20=-3.1188760398e-001; w2(1)=2.9518694154e+000; w2(2)=5.9289770794e-002; w2(3)=-7.2522994933e-001; 

