
%liczba neuronów ukrytych: 6, liczba wejœæ sieci: 4
%wejœcie 1: u(k-3)
%wejœcie 2: u(k-4)
%wejœcie 3: y(k-1)
%wejœcie 4: y(k-2)
%uczenie w trybie ARX
w10(1,1)=-1.3864919054e+000; w1(1,1)=-1.1272539869e-001; w1(1,2)=-5.0046858806e-001; w1(1,3)=2.7820098718e-001; w1(1,4)=-7.8537106029e-001; 
w10(2,1)=7.7227071876e-001; w1(2,1)=-1.5712560706e-001; w1(2,2)=-2.8747384445e-001; w1(2,3)=4.1675938033e-001; w1(2,4)=-6.3867345074e-001; 
w10(3,1)=2.5666111590e-001; w1(3,1)=-5.1144533701e-002; w1(3,2)=-3.4146004962e-001; w1(3,3)=1.1636349841e+000; w1(3,4)=-6.3200402161e-001; 
w10(4,1)=-5.3355230280e-001; w1(4,1)=2.2923335859e-001; w1(4,2)=5.0243679138e-001; w1(4,3)=-2.8346411458e-001; w1(4,4)=1.1383023909e-001; 
w10(5,1)=4.1679111007e-001; w1(5,1)=2.5023475826e-001; w1(5,2)=2.6194280693e-001; w1(5,3)=-2.5125182591e-001; w1(5,4)=-9.1580252315e-002; 
w10(6,1)=3.6355076701e-001; w1(6,1)=-2.1418995988e-001; w1(6,2)=-5.3062006927e-001; w1(6,3)=-3.1636438508e-001; w1(6,4)=8.1879733570e-001; 
w20=4.5251859367e-001; w2(1)=-7.9010289839e-001; w2(2)=-2.4561229475e+000; w2(3)=1.0880162249e+000; w2(4)=-1.3412932498e+000; w2(5)=-5.5922895202e-001; w2(6)=-7.5928777267e-001; 

