
%liczba neuronów ukrytych: 3, liczba wejœæ sieci: 4
%wejœcie 1: u(k-3)
%wejœcie 2: u(k-4)
%wejœcie 3: y(k-1)
%wejœcie 4: y(k-2)
%uczenie w trybie ARX
w10(1,1)=2.0646178541e+000; w1(1,1)=-2.2064101698e-001; w1(1,2)=-1.9597779285e-001; w1(1,3)=1.1685447752e+000; w1(1,4)=-2.7265490446e+000; 
w10(2,1)=-3.3149949334e-001; w1(2,1)=2.3327311896e-002; w1(2,2)=4.3695943128e-003; w1(2,3)=-4.0811094244e-001; w1(2,4)=6.1729992322e-002; 
w10(3,1)=2.8119824627e-001; w1(3,1)=5.6635531947e-001; w1(3,2)=-4.3852288775e+000; w1(3,3)=-2.2689195333e+000; w1(3,4)=1.8726142724e+000; 
w20=-2.6515275629e-001; w2(1)=-6.3647876506e-001; w2(2)=-2.7033032345e+000; w2(3)=6.4881251451e-002; 

