
%liczba neuronów ukrytych: 5, liczba wejœæ sieci: 4
%wejœcie 1: u(k-3)
%wejœcie 2: u(k-4)
%wejœcie 3: y(k-1)
%wejœcie 4: y(k-2)
%uczenie w trybie OE
w10(1,1)=1.2364988499e+000; w1(1,1)=1.8830395793e-001; w1(1,2)=-1.4934359367e-001; w1(1,3)=5.4752421080e-001; w1(1,4)=2.6343144628e-001; 
w10(2,1)=-3.7107244767e-001; w1(2,1)=1.1741858642e-001; w1(2,2)=6.8802608276e-001; w1(2,3)=-1.6598976762e+000; w1(2,4)=1.4396716134e+000; 
w10(3,1)=9.2422453424e-001; w1(3,1)=7.9446663012e-001; w1(3,2)=-1.7237307989e+000; w1(3,3)=1.2262266189e+000; w1(3,4)=-1.6525938587e+000; 
w10(4,1)=3.0162723796e-001; w1(4,1)=-2.3315056154e-002; w1(4,2)=-2.4745002492e-002; w1(4,3)=-1.3012274006e+000; w1(4,4)=4.3261344201e-001; 
w10(5,1)=1.9865368725e-001; w1(5,1)=6.9854860768e-001; w1(5,2)=4.1008147585e-001; w1(5,3)=-7.5221777067e-001; w1(5,4)=-8.8253877966e-001; 
w20=-4.3110282651e-001; w2(1)=8.2841422228e-001; w2(2)=-3.7151615929e-001; w2(3)=-1.8326012563e-001; w2(4)=-9.4580432906e-001; w2(5)=5.2896604516e-002; 

