
%liczba neuronów ukrytych: 5, liczba wejœæ sieci: 4
%wejœcie 1: u(k-3)
%wejœcie 2: u(k-4)
%wejœcie 3: y(k-1)
%wejœcie 4: y(k-2)
%uczenie w trybie OE
w10(1,1)=7.6013467275e-001; w1(1,1)=-6.7668529871e-002; w1(1,2)=-7.8852043200e-003; w1(1,3)=-2.4821782401e+000; w1(1,4)=1.1241979366e+000; 
w10(2,1)=5.6071965411e-001; w1(2,1)=-3.1275651689e-003; w1(2,2)=-3.1141848008e-002; w1(2,3)=8.7495992440e-001; w1(2,4)=-3.0756833216e-001; 
w10(3,1)=1.0716974566e+000; w1(3,1)=-4.0335669302e-001; w1(3,2)=-1.6726086156e+000; w1(3,3)=-2.0414348831e+000; w1(3,4)=1.7556070812e+000; 
w10(4,1)=1.8434649598e+000; w1(4,1)=-1.6633468143e+000; w1(4,2)=-1.0468430236e+000; w1(4,3)=1.5275869441e+000; w1(4,4)=-1.9700130336e+000; 
w10(5,1)=-1.0380478793e+000; w1(5,1)=-1.0963640291e+000; w1(5,2)=-1.7988023006e+000; w1(5,3)=1.0677175443e+000; w1(5,4)=7.6915561369e-001; 
w20=-6.0202897506e-001; w2(1)=-3.8294650432e-001; w2(2)=1.6014479531e+000; w2(3)=2.2044984572e-001; w2(4)=-1.6250839765e-001; w2(5)=-1.7890717727e-002; 

