
%liczba neuronów ukrytych: 1, liczba wejœæ sieci: 4
%wejœcie 1: u(k-3)
%wejœcie 2: u(k-4)
%wejœcie 3: y(k-1)
%wejœcie 4: y(k-2)
%uczenie w trybie OE
w10(1,1)=-4.0370871159e-001; w1(1,1)=1.9104567318e-003; w1(1,2)=2.7216158185e-001; w1(1,3)=6.7534637312e-003; w1(1,4)=-6.2498160050e-001; 
w20=-5.5961676529e-001; w2(1)=-1.5421950650e+000; 

