
%liczba neuronów ukrytych: 10, liczba wejœæ sieci: 4
%wejœcie 1: u(k-3)
%wejœcie 2: u(k-4)
%wejœcie 3: y(k-1)
%wejœcie 4: y(k-2)
%uczenie w trybie OE
w10(1,1)=-4.2862137781e-002; w1(1,1)=-1.5216540262e-002; w1(1,2)=-5.5157862291e-002; w1(1,3)=1.1401101606e-001; w1(1,4)=1.4047131117e-001; 
w10(2,1)=-3.2872823297e-002; w1(2,1)=-1.8140433318e-001; w1(2,2)=-5.0212733609e-002; w1(2,3)=-1.3720079412e-001; w1(2,4)=-1.9717694703e-001; 
w10(3,1)=4.5689425848e-003; w1(3,1)=-9.9906744763e-002; w1(3,2)=7.7281989165e-002; w1(3,3)=1.5409135592e-002; w1(3,4)=9.2257551518e-003; 
w10(4,1)=8.9219106002e-002; w1(4,1)=2.4498862484e-002; w1(4,2)=1.7915729783e-001; w1(4,3)=-2.5530575919e-002; w1(4,4)=-8.4236267881e-002; 
w10(5,1)=-5.2415225080e-002; w1(5,1)=1.0072802493e-002; w1(5,2)=1.5193127469e-003; w1(5,3)=7.8528238921e-002; w1(5,4)=1.6374129129e-001; 
w10(6,1)=9.7810869775e-003; w1(6,1)=1.9045062506e-002; w1(6,2)=-9.4414644196e-003; w1(6,3)=8.9435816187e-002; w1(6,4)=2.4946011712e-001; 
w10(7,1)=9.3401278370e-002; w1(7,1)=9.5977520440e-002; w1(7,2)=2.4910475752e-002; w1(7,3)=1.7199066704e-001; w1(7,4)=3.0417661988e-001; 
w10(8,1)=-2.0647398083e-001; w1(8,1)=1.4543603895e-001; w1(8,2)=2.1265139506e-001; w1(8,3)=-1.9784576926e-001; w1(8,4)=-2.0341588400e-001; 
w10(9,1)=5.5519450321e-001; w1(9,1)=-1.7567306772e-001; w1(9,2)=-2.6522911403e-001; w1(9,3)=1.1948948404e-001; w1(9,4)=3.9431470854e-001; 
w10(10,1)=-7.6815331884e-002; w1(10,1)=6.9089188029e-002; w1(10,2)=2.1375056828e-001; w1(10,3)=-1.1634932565e-001; w1(10,4)=-1.8463878095e-001; 
w20=-3.7217460314e-001; w2(1)=1.7083307456e-001; w2(2)=-2.7594706794e-001; w2(3)=2.8467403196e-003; w2(4)=-7.7470823221e-002; w2(5)=1.7548737796e-001; w2(6)=3.0467598650e-001; w2(7)=4.1247467193e-001; w2(8)=-2.8284272211e-001; w2(9)=5.5973501896e-001; w2(10)=-2.3569502209e-001; 

