
%liczba neuronów ukrytych: 9, liczba wejœæ sieci: 4
%wejœcie 1: u(k-3)
%wejœcie 2: u(k-4)
%wejœcie 3: y(k-1)
%wejœcie 4: y(k-2)
%uczenie w trybie ARX
w10(1,1)=-7.4330210378e-001; w1(1,1)=-5.1261821872e-001; w1(1,2)=-1.9166665834e-001; w1(1,3)=3.2366455674e-001; w1(1,4)=7.6505373532e-002; 
w10(2,1)=-5.5784933011e-001; w1(2,1)=1.5775153106e-001; w1(2,2)=-2.5132812733e-001; w1(2,3)=-4.0729517565e-001; w1(2,4)=1.1896945053e-002; 
w10(3,1)=-1.0455357009e+000; w1(3,1)=-9.2788059944e-001; w1(3,2)=-8.8761504572e-001; w1(3,3)=2.8451112590e-001; w1(3,4)=-4.6352733586e-002; 
w10(4,1)=1.4485457498e-001; w1(4,1)=-7.5098812116e-002; w1(4,2)=4.9797768272e-001; w1(4,3)=4.1939180371e-001; w1(4,4)=7.5366585554e-001; 
w10(5,1)=9.1221561982e-002; w1(5,1)=4.9824893059e-001; w1(5,2)=1.1784570166e+000; w1(5,3)=1.1627920991e+000; w1(5,4)=-3.3813557031e-001; 
w10(6,1)=5.5868500909e-001; w1(6,1)=-1.4834209541e-002; w1(6,2)=-1.2916118463e-002; w1(6,3)=-3.5295368548e-001; w1(6,4)=-5.3430527250e-001; 
w10(7,1)=6.8446288499e-002; w1(7,1)=-3.7697804844e-001; w1(7,2)=-6.6885145875e-001; w1(7,3)=1.9409135786e-001; w1(7,4)=-6.8202450523e-001; 
w10(8,1)=-2.4548384568e-001; w1(8,1)=-4.5925911966e-002; w1(8,2)=5.7143408789e-001; w1(8,3)=-1.0939131787e+000; w1(8,4)=8.1011804222e-001; 
w10(9,1)=-5.3591487312e-001; w1(9,1)=1.3194363756e-001; w1(9,2)=3.4434296578e-001; w1(9,3)=2.0148121224e-001; w1(9,4)=1.6416012393e-001; 
w20=-3.4421026697e-001; w2(1)=5.7383914805e-001; w2(2)=-1.2034463393e+000; w2(3)=-2.6609117157e-001; w2(4)=-6.0693490566e-002; w2(5)=-7.2888007573e-001; w2(6)=-7.6346538786e-002; w2(7)=-1.2414931628e+000; w2(8)=-1.1438647495e+000; w2(9)=3.8057285260e-001; 

