
%liczba neuronów ukrytych: 8, liczba wejœæ sieci: 4
%wejœcie 1: u(k-3)
%wejœcie 2: u(k-4)
%wejœcie 3: y(k-1)
%wejœcie 4: y(k-2)
%uczenie w trybie OE
w10(1,1)=-1.2684044544e+000; w1(1,1)=5.6097575638e-002; w1(1,2)=-2.5671393824e-001; w1(1,3)=5.5042725182e-001; w1(1,4)=6.3563387362e-001; 
w10(2,1)=-8.8200782808e-001; w1(2,1)=-5.3294954897e-001; w1(2,2)=-4.9350719051e-001; w1(2,3)=3.3090532454e-002; w1(2,4)=1.4274780456e-001; 
w10(3,1)=-7.6878927986e-001; w1(3,1)=-2.5009391917e-001; w1(3,2)=1.9850824428e-001; w1(3,3)=-1.9173734676e-001; w1(3,4)=-3.3185756263e-001; 
w10(4,1)=-3.7748546126e-001; w1(4,1)=6.7695929496e-001; w1(4,2)=6.7407319959e-001; w1(4,3)=-1.2407807133e-001; w1(4,4)=-5.2607575169e-001; 
w10(5,1)=1.0822165122e+000; w1(5,1)=-1.0238256225e+000; w1(5,2)=5.6864045290e-002; w1(5,3)=-2.0184317233e-001; w1(5,4)=-2.7494407902e-001; 
w10(6,1)=-1.6609143077e-001; w1(6,1)=-4.3382366266e-001; w1(6,2)=6.0143009089e-001; w1(6,3)=-9.3817152225e-003; w1(6,4)=-4.6259659237e-001; 
w10(7,1)=3.3413922655e-002; w1(7,1)=5.7231864824e-001; w1(7,2)=-6.9830520443e-001; w1(7,3)=8.6807799056e-001; w1(7,4)=1.2630050768e-001; 
w10(8,1)=1.9490423129e-001; w1(8,1)=-4.9938534538e-001; w1(8,2)=6.5164781742e-002; w1(8,3)=1.2555943399e+000; w1(8,4)=-9.5358920817e-001; 
w20=-5.7183923747e-001; w2(1)=3.7817158542e-001; w2(2)=-2.2084462388e-001; w2(3)=-1.3159317660e+000; w2(4)=6.9253124536e-002; w2(5)=-3.0965827398e-001; w2(6)=2.2866527579e-001; w2(7)=2.7182773390e-001; w2(8)=9.7557534035e-001; 

