
%liczba neuronów ukrytych: 4, liczba wejœæ sieci: 4
%wejœcie 1: u(k-3)
%wejœcie 2: u(k-4)
%wejœcie 3: y(k-1)
%wejœcie 4: y(k-2)
%uczenie w trybie OE
w10(1,1)=1.5026181364e+000; w1(1,1)=-2.1422090331e-001; w1(1,2)=1.8578368760e-001; w1(1,3)=3.7957162892e-001; w1(1,4)=3.0493683575e-001; 
w10(2,1)=-4.5207208673e-001; w1(2,1)=-7.6040040973e-002; w1(2,2)=7.8478029513e-002; w1(2,3)=-1.4679743683e+000; w1(2,4)=8.4836420944e-001; 
w10(3,1)=-5.8044390872e-001; w1(3,1)=1.3454278315e-001; w1(3,2)=-1.2943768165e-001; w1(3,3)=4.7310295574e-001; w1(3,4)=4.9733976004e-001; 
w10(4,1)=2.5182642877e-002; w1(4,1)=-1.2789094709e+000; w1(4,2)=-1.4054480573e+000; w1(4,3)=-1.1481418739e+000; w1(4,4)=8.4416821205e-001; 
w20=-8.4635616580e-001; w2(1)=7.5266719593e-001; w2(2)=-1.0133334551e+000; w2(3)=5.0816979526e-001; w2(4)=4.5258851368e-002; 

