
%liczba neuronów ukrytych: 9, liczba wejœæ sieci: 4
%wejœcie 1: u(k-3)
%wejœcie 2: u(k-4)
%wejœcie 3: y(k-1)
%wejœcie 4: y(k-2)
%uczenie w trybie OE
w10(1,1)=-2.1155584748e-002; w1(1,1)=2.8513022085e-001; w1(1,2)=-5.1263908699e-001; w1(1,3)=2.6976390080e-001; w1(1,4)=8.9033248852e-001; 
w10(2,1)=-3.1142753252e-001; w1(2,1)=4.9161921880e-001; w1(2,2)=1.0559560262e-001; w1(2,3)=-1.2304053048e+000; w1(2,4)=1.0204564946e+000; 
w10(3,1)=2.0746538728e-001; w1(3,1)=8.2819604920e-001; w1(3,2)=1.2558419891e+000; w1(3,3)=1.2801229482e+000; w1(3,4)=1.4588087796e-001; 
w10(4,1)=1.8964610636e+000; w1(4,1)=4.2734020351e-001; w1(4,2)=-5.0329852682e-001; w1(4,3)=4.2825544585e-001; w1(4,4)=6.0069404195e-001; 
w10(5,1)=6.8511015805e-001; w1(5,1)=1.3300577784e-001; w1(5,2)=-1.9343161753e-001; w1(5,3)=-6.9058681455e-001; w1(5,4)=1.1407109276e-001; 
w10(6,1)=-3.2783416200e-002; w1(6,1)=-2.4202559875e-001; w1(6,2)=1.1489990274e+000; w1(6,3)=9.4935824187e-001; w1(6,4)=1.3757919143e-001; 
w10(7,1)=-1.3309531336e+000; w1(7,1)=1.6952736561e+000; w1(7,2)=-2.9177992496e-002; w1(7,3)=-2.0355000410e-001; w1(7,4)=8.5672370507e-001; 
w10(8,1)=-4.9040684244e-001; w1(8,1)=8.2829391221e-002; w1(8,2)=-2.4428918517e-001; w1(8,3)=-1.0694823121e+000; w1(8,4)=4.4991738663e-001; 
w10(9,1)=1.0525997301e-001; w1(9,1)=-2.8688406547e-001; w1(9,2)=1.9995435632e-001; w1(9,3)=-7.0765327947e-001; w1(9,4)=3.6495292905e-002; 
w20=-1.5492986340e-001; w2(1)=-6.2431476831e-002; w2(2)=-4.2429485656e-001; w2(3)=2.8190775503e-002; w2(4)=3.2133616205e-001; w2(5)=-6.8471866252e-001; w2(6)=-9.9082518333e-002; w2(7)=7.4412969890e-002; w2(8)=-5.6070814088e-001; w2(9)=-6.9858601653e-001; 

