
%liczba neuronów ukrytych: 9, liczba wejœæ sieci: 4
%wejœcie 1: u(k-3)
%wejœcie 2: u(k-4)
%wejœcie 3: y(k-1)
%wejœcie 4: y(k-2)
%uczenie w trybie OE
w10(1,1)=-4.9785441701e-001; w1(1,1)=6.1477333159e-002; w1(1,2)=1.8859502112e-001; w1(1,3)=-1.9291485397e-001; w1(1,4)=-4.0339029809e-001; 
w10(2,1)=-1.7734752666e-002; w1(2,1)=-4.8144110538e-002; w1(2,2)=8.1589526056e-002; w1(2,3)=-5.5686548220e-002; w1(2,4)=-3.4156173821e-001; 
w10(3,1)=3.1975045410e-002; w1(3,1)=-8.8645076174e-002; w1(3,2)=4.4080795950e-002; w1(3,3)=-1.0864900189e-001; w1(3,4)=-6.9110148544e-002; 
w10(4,1)=-1.2146678878e-001; w1(4,1)=-2.2022401744e-002; w1(4,2)=-2.1071865999e-001; w1(4,3)=-6.8979193358e-003; w1(4,4)=4.8008285705e-002; 
w10(5,1)=-9.9213300674e-002; w1(5,1)=-4.7026543322e-002; w1(5,2)=-1.7655271658e-001; w1(5,3)=-2.2435563982e-002; w1(5,4)=9.9911405114e-002; 
w10(6,1)=3.7295370703e-001; w1(6,1)=-2.3276741117e-002; w1(6,2)=-1.5974333890e-001; w1(6,3)=1.1702523145e-001; w1(6,4)=4.4730157472e-001; 
w10(7,1)=-1.5927866024e-002; w1(7,1)=-2.0504551935e-002; w1(7,2)=4.4996173111e-002; w1(7,3)=1.4900605507e-001; w1(7,4)=1.1427514929e-001; 
w10(8,1)=6.9884279178e-002; w1(8,1)=5.2775815619e-002; w1(8,2)=7.2750309919e-002; w1(8,3)=-5.1174765030e-002; w1(8,4)=-1.4350871409e-002; 
w10(9,1)=-3.1494411452e-002; w1(9,1)=-1.8771431802e-001; w1(9,2)=-8.2761812684e-002; w1(9,3)=5.4212105491e-002; w1(9,4)=1.9519708293e-001; 
w20=-4.5171849788e-001; w2(1)=-6.1188751433e-001; w2(2)=-3.6958350935e-001; w2(3)=-1.2673731585e-001; w2(4)=3.7802040981e-002; w2(5)=8.3000207595e-002; w2(6)=5.8128608248e-001; w2(7)=1.7465523335e-001; w2(8)=-2.7049997566e-002; w2(9)=1.7087343161e-001; 

