
%liczba neuronów ukrytych: 8, liczba wejœæ sieci: 4
%wejœcie 1: u(k-3)
%wejœcie 2: u(k-4)
%wejœcie 3: y(k-1)
%wejœcie 4: y(k-2)
%uczenie w trybie OE
w10(1,1)=-8.2904227871e-001; w1(1,1)=-1.2576486054e-002; w1(1,2)=-1.9324191901e-001; w1(1,3)=-8.8570397261e-002; w1(1,4)=-4.0149544673e-001; 
w10(2,1)=-5.1916857005e-001; w1(2,1)=-3.2245170955e-001; w1(2,2)=6.5158244712e-001; w1(2,3)=-4.1207249860e-002; w1(2,4)=-7.6270639208e-001; 
w10(3,1)=1.7333173329e+000; w1(3,1)=-8.2469073725e-001; w1(3,2)=-6.7185340056e-001; w1(3,3)=1.8815121085e-001; w1(3,4)=4.6622960387e-001; 
w10(4,1)=6.8175571605e-001; w1(4,1)=-4.4183079696e-001; w1(4,2)=1.1880811627e+000; w1(4,3)=9.1553015882e-001; w1(4,4)=4.6004909400e-001; 
w10(5,1)=-7.0661737500e-001; w1(5,1)=-4.1112882670e-001; w1(5,2)=1.0425261111e+000; w1(5,3)=5.5566299361e-001; w1(5,4)=1.5878305891e-001; 
w10(6,1)=2.1585408452e-001; w1(6,1)=2.4259941101e-001; w1(6,2)=-4.8514194043e-001; w1(6,3)=7.5847010998e-001; w1(6,4)=-2.4139481646e-001; 
w10(7,1)=9.3350721728e-001; w1(7,1)=3.3438385396e-001; w1(7,2)=-1.2088014067e+000; w1(7,3)=7.6856247541e-001; w1(7,4)=2.7024908059e-001; 
w10(8,1)=1.4181923944e-002; w1(8,1)=-2.7647305579e-001; w1(8,2)=-8.1238396389e-001; w1(8,3)=1.8293244294e-001; w1(8,4)=-4.5178018623e-001; 
w20=-5.6124361192e-001; w2(1)=-1.0157513587e+000; w2(2)=7.6223619552e-001; w2(3)=6.2426882526e-002; w2(4)=1.0568518986e-001; w2(5)=5.1316040060e-001; w2(6)=1.7364429400e+000; w2(7)=7.3273578346e-002; w2(8)=1.8807695659e-001; 

