
%liczba neuronów ukrytych: 10, liczba wejœæ sieci: 4
%wejœcie 1: u(k-3)
%wejœcie 2: u(k-4)
%wejœcie 3: y(k-1)
%wejœcie 4: y(k-2)
%uczenie w trybie OE
w10(1,1)=-1.8906560432e-003; w1(1,1)=-7.6468103805e-002; w1(1,2)=6.2783646137e-002; w1(1,3)=-5.4243676645e-002; w1(1,4)=-2.6271722149e-001; 
w10(2,1)=5.0015535105e-002; w1(2,1)=-5.3881597807e-003; w1(2,2)=-8.5419681549e-002; w1(2,3)=9.4609040067e-002; w1(2,4)=1.0458987661e-001; 
w10(3,1)=3.6087065043e-003; w1(3,1)=-4.2431903486e-002; w1(3,2)=-7.0766023083e-002; w1(3,3)=1.6967982598e-001; w1(3,4)=1.0454515768e-001; 
w10(4,1)=2.6649891520e-002; w1(4,1)=-7.5101577636e-002; w1(4,2)=1.3634007114e-001; w1(4,3)=2.5929234665e-004; w1(4,4)=-2.7603301568e-001; 
w10(5,1)=-5.2600783586e-001; w1(5,1)=1.0817265100e-001; w1(5,2)=2.3348660604e-001; w1(5,3)=-2.1500536552e-001; w1(5,4)=-3.3275757601e-001; 
w10(6,1)=-3.3648711289e-002; w1(6,1)=1.2095125568e-002; w1(6,2)=-8.4170342083e-002; w1(6,3)=-3.2288609007e-002; w1(6,4)=-1.2000479562e-001; 
w10(7,1)=1.1397700572e-001; w1(7,1)=7.0711543610e-002; w1(7,2)=4.0485634020e-002; w1(7,3)=-8.0282598276e-002; w1(7,4)=-4.4033582607e-002; 
w10(8,1)=9.1638643660e-002; w1(8,1)=1.1038568798e-001; w1(8,2)=-3.5629392022e-003; w1(8,3)=-8.5352635224e-002; w1(8,4)=-2.4815760105e-002; 
w10(9,1)=-2.7820959272e-001; w1(9,1)=1.6899457375e-002; w1(9,2)=2.1953354249e-001; w1(9,3)=-8.6351821627e-002; w1(9,4)=-3.7224469944e-001; 
w10(10,1)=-2.0487809376e-001; w1(10,1)=2.3031288675e-002; w1(10,2)=-5.4498589367e-002; w1(10,3)=-2.1601464723e-001; w1(10,4)=-2.9975950395e-001; 
w20=-4.2704524201e-001; w2(1)=-2.8414910596e-001; w2(2)=1.4481739372e-001; w2(3)=1.7448142146e-001; w2(4)=-2.7301466550e-001; w2(5)=-5.3252126391e-001; w2(6)=-1.1689491898e-001; w2(7)=-6.8854520391e-002; w2(8)=-4.4648332275e-002; w2(9)=-4.0884498401e-001; w2(10)=-3.8851921439e-001; 

