
%liczba neuronów ukrytych: 4, liczba wejœæ sieci: 4
%wejœcie 1: u(k-3)
%wejœcie 2: u(k-4)
%wejœcie 3: y(k-1)
%wejœcie 4: y(k-2)
%uczenie w trybie OE
w10(1,1)=-3.0397979265e-001; w1(1,1)=-4.8544142890e-002; w1(1,2)=4.4429099085e-002; w1(1,3)=-4.7485739569e-001; w1(1,4)=1.4286515546e-001; 
w10(2,1)=-1.0243831497e+000; w1(2,1)=5.4007779919e-001; w1(2,2)=-8.0987613757e-001; w1(2,3)=1.1179779076e+000; w1(2,4)=8.2516972189e-001; 
w10(3,1)=-1.2758724743e+000; w1(3,1)=1.2274743892e-001; w1(3,2)=-9.1223171947e-001; w1(3,3)=3.8948173475e+000; w1(3,4)=-1.9481852788e+000; 
w10(4,1)=1.8462085667e-001; w1(4,1)=1.4773162778e+000; w1(4,2)=5.3886419875e-001; w1(4,3)=4.3740773880e-001; w1(4,4)=-1.0806345397e-001; 
w20=-8.3022995767e-001; w2(1)=-2.9263941723e+000; w2(2)=2.1901045453e-001; w2(3)=-1.8395466793e-001; w2(4)=-1.1776128543e-001; 

