
%liczba neuronów ukrytych: 8, liczba wejœæ sieci: 4
%wejœcie 1: u(k-3)
%wejœcie 2: u(k-4)
%wejœcie 3: y(k-1)
%wejœcie 4: y(k-2)
%uczenie w trybie OE
w10(1,1)=5.7108650391e-002; w1(1,1)=5.8357902289e-002; w1(1,2)=5.2104029113e-002; w1(1,3)=3.0378834939e-003; w1(1,4)=-6.7680198990e-002; 
w10(2,1)=-4.1840723919e-001; w1(2,1)=5.0689964335e-002; w1(2,2)=1.3433871356e-001; w1(2,3)=-1.7811402580e-001; w1(2,4)=-4.0169418552e-001; 
w10(3,1)=-1.2320832586e-001; w1(3,1)=-1.5957880632e-002; w1(3,2)=-1.6385282261e-001; w1(3,3)=1.1475497745e-002; w1(3,4)=1.0625001043e-001; 
w10(4,1)=-4.6026949828e-001; w1(4,1)=1.2274821902e-002; w1(4,2)=1.8681781236e-001; w1(4,3)=-2.0916830752e-001; w1(4,4)=-3.7485499210e-001; 
w10(5,1)=-1.8972570006e-002; w1(5,1)=1.3830685683e-002; w1(5,2)=1.1974531295e-001; w1(5,3)=-7.4924056832e-002; w1(5,4)=-2.5019121179e-001; 
w10(6,1)=1.5667441886e-001; w1(6,1)=-8.6882670921e-002; w1(6,2)=-1.0207948199e-001; w1(6,3)=1.2754313252e-001; w1(6,4)=2.8285410953e-001; 
w10(7,1)=-5.7874712534e-002; w1(7,1)=1.5995310885e-002; w1(7,2)=-1.4633739869e-001; w1(7,3)=1.0988286699e-002; w1(7,4)=-9.2805451139e-002; 
w10(8,1)=1.8332128365e-002; w1(8,1)=-1.8233885399e-002; w1(8,2)=4.9411834656e-002; w1(8,3)=-1.7455080252e-002; w1(8,4)=-2.9342013403e-001; 
w20=-4.7203391912e-001; w2(1)=-5.0606557221e-002; w2(2)=-5.2870857290e-001; w2(3)=1.0314815904e-001; w2(4)=-5.5959924764e-001; w2(5)=-2.6004723645e-001; w2(6)=3.1727817508e-001; w2(7)=-7.0049563932e-002; w2(8)=-2.8303491063e-001; 

