
%liczba neuronów ukrytych: 1, liczba wejœæ sieci: 4
%wejœcie 1: u(k-3)
%wejœcie 2: u(k-4)
%wejœcie 3: y(k-1)
%wejœcie 4: y(k-2)
%uczenie w trybie OE
w10(1,1)=2.8667461729e-001; w1(1,1)=1.1085070590e-001; w1(1,2)=-2.3196810019e-001; w1(1,3)=2.5794662101e-001; w1(1,4)=1.6434973459e-001; 
w20=-6.1154945762e-001; w2(1)=2.2209259326e+000; 

