
%liczba neuronów ukrytych: 7, liczba wejœæ sieci: 4
%wejœcie 1: u(k-3)
%wejœcie 2: u(k-4)
%wejœcie 3: y(k-1)
%wejœcie 4: y(k-2)
%uczenie w trybie ARX
w10(1,1)=-1.0651709552e-001; w1(1,1)=-6.2314319950e-001; w1(1,2)=-1.1164014036e+000; w1(1,3)=-1.3146091885e+000; w1(1,4)=5.0525971542e-001; 
w10(2,1)=-1.3037860179e+000; w1(2,1)=-9.5981549115e-002; w1(2,2)=1.8253331704e-002; w1(2,3)=-5.2188592055e-001; w1(2,4)=4.2053695139e-002; 
w10(3,1)=-5.0521101468e-001; w1(3,1)=2.4171295707e-001; w1(3,2)=3.6299085331e-001; w1(3,3)=-7.0169709332e-001; w1(3,4)=-3.3630185432e-001; 
w10(4,1)=6.9096419753e-001; w1(4,1)=6.3944143642e-001; w1(4,2)=8.3932547740e-001; w1(4,3)=-3.7579532105e-001; w1(4,4)=-3.4978317847e-002; 
w10(5,1)=6.5109539484e-002; w1(5,1)=-3.3578317159e-002; w1(5,2)=-4.0668572300e-001; w1(5,3)=8.1990368974e-001; w1(5,4)=-3.7824703495e-001; 
w10(6,1)=-7.6097235375e-001; w1(6,1)=2.5313797597e-001; w1(6,2)=2.9229718428e-001; w1(6,3)=5.9643071990e-001; w1(6,4)=-4.5998496634e-001; 
w10(7,1)=-1.5541600799e-001; w1(7,1)=-7.1762035056e-002; w1(7,2)=4.6109468289e-001; w1(7,3)=-5.4856937490e-001; w1(7,4)=9.2256886145e-001; 
w20=-3.0813608389e-001; w2(1)=2.9692779066e-001; w2(2)=-8.9735124816e-001; w2(3)=2.2068571624e-001; w2(4)=2.8143312194e-001; w2(5)=1.8738405180e+000; w2(6)=7.0458616929e-001; w2(7)=1.0832847672e+000; 

