
%liczba neuronów ukrytych: 4, liczba wejœæ sieci: 4
%wejœcie 1: u(k-3)
%wejœcie 2: u(k-4)
%wejœcie 3: y(k-1)
%wejœcie 4: y(k-2)
%uczenie w trybie OE
w10(1,1)=-7.9740541429e-002; w1(1,1)=3.0182260976e-001; w1(1,2)=2.3073429907e+000; w1(1,3)=1.7159857433e+000; w1(1,4)=-1.3846270792e+000; 
w10(2,1)=1.6223978005e+000; w1(2,1)=-1.9890062900e-001; w1(2,2)=1.8150740876e-001; w1(2,3)=5.0065886511e-001; w1(2,4)=3.3158227107e-001; 
w10(3,1)=4.3825952676e-001; w1(3,1)=-8.2658999086e-002; w1(3,2)=7.3624569919e-002; w1(3,3)=3.9998727179e-002; w1(3,4)=-5.4294549711e-001; 
w10(4,1)=2.5106021401e-001; w1(4,1)=-3.0818429363e-002; w1(4,2)=2.1919517011e-002; w1(4,3)=1.6905028888e+000; w1(4,4)=-1.1814708196e+000; 
w20=-3.3322380958e-001; w2(1)=-4.0682180962e-002; w2(2)=5.7206473942e-001; w2(3)=-1.0578903688e+000; w2(4)=9.6545350338e-001; 

