
%liczba neuronów ukrytych: 10, liczba wejœæ sieci: 4
%wejœcie 1: u(k-3)
%wejœcie 2: u(k-4)
%wejœcie 3: y(k-1)
%wejœcie 4: y(k-2)
%uczenie w trybie OE
w10(1,1)=6.5570916382e-001; w1(1,1)=3.9294596040e-003; w1(1,2)=1.4934196615e+000; w1(1,3)=-4.3648284120e-002; w1(1,4)=-2.3005456416e-001; 
w10(2,1)=-1.6924957489e+000; w1(2,1)=8.6141161740e-001; w1(2,2)=1.0812193402e-001; w1(2,3)=-2.0132940612e-001; w1(2,4)=6.1475004077e-001; 
w10(3,1)=8.3061063154e-001; w1(3,1)=5.7629765186e-002; w1(3,2)=4.6259615718e-001; w1(3,3)=1.2474609599e+000; w1(3,4)=-4.5083935095e-002; 
w10(4,1)=-6.7268872533e-003; w1(4,1)=-1.2784811557e+000; w1(4,2)=-8.0423032004e-001; w1(4,3)=3.8620918734e-002; w1(4,4)=-3.0164966222e-001; 
w10(5,1)=-2.2463355458e-001; w1(5,1)=-1.9414599614e-001; w1(5,2)=3.1991997193e-001; w1(5,3)=-8.8369532771e-001; w1(5,4)=3.8022186179e-001; 
w10(6,1)=7.8756814222e-001; w1(6,1)=4.9483290055e-002; w1(6,2)=4.6531022129e-001; w1(6,3)=1.1044139108e+000; w1(6,4)=-1.8817556145e-002; 
w10(7,1)=-2.6427178143e+000; w1(7,1)=-4.7623111623e-001; w1(7,2)=6.0924620675e-001; w1(7,3)=-5.8359684810e-001; w1(7,4)=-8.2051335946e-001; 
w10(8,1)=-7.8505301821e-001; w1(8,1)=-5.5299739165e-001; w1(8,2)=-2.8074530027e-001; w1(8,3)=-6.8263775682e-001; w1(8,4)=9.2842821976e-002; 
w10(9,1)=3.8800186401e-001; w1(9,1)=-1.7389437923e-001; w1(9,2)=1.3453364708e-001; w1(9,3)=9.0851385581e-001; w1(9,4)=-4.7841823712e-001; 
w10(10,1)=-8.9460491203e-001; w1(10,1)=1.8888887738e-001; w1(10,2)=-6.4185194332e-002; w1(10,3)=6.6887109860e-001; w1(10,4)=4.3248607857e-001; 
w20=-3.6731936311e-001; w2(1)=4.2104078511e-002; w2(2)=1.1678057107e-001; w2(3)=-4.9053888603e-001; w2(4)=5.1133343201e-002; w2(5)=-8.0052735754e-001; w2(6)=7.4047012684e-001; w2(7)=-1.3751058609e-001; w2(8)=7.6842741337e-002; w2(9)=7.6793945312e-001; w2(10)=3.4468664948e-001; 

