
%liczba neuronów ukrytych: 4, liczba wejœæ sieci: 4
%wejœcie 1: u(k-3)
%wejœcie 2: u(k-4)
%wejœcie 3: y(k-1)
%wejœcie 4: y(k-2)
%uczenie w trybie OE
w10(1,1)=7.6657136006e-002; w1(1,1)=2.9835088206e-001; w1(1,2)=8.5256532515e-002; w1(1,3)=1.7244207994e-001; w1(1,4)=4.4573126829e-001; 
w10(2,1)=5.8376824668e-001; w1(2,1)=-3.5270880212e-001; w1(2,2)=-6.2937727874e-001; w1(2,3)=-1.9811234224e-002; w1(2,4)=2.8320244804e-001; 
w10(3,1)=5.0636149237e-002; w1(3,1)=8.5474005612e-002; w1(3,2)=-9.5841858904e-002; w1(3,3)=2.3092922299e-002; w1(3,4)=4.3497523629e-001; 
w10(4,1)=-4.9629378691e-002; w1(4,1)=-1.8682448381e-001; w1(4,2)=-3.3819754141e-001; w1(4,3)=-2.1292855821e-002; w1(4,4)=2.3341868427e-001; 
w20=-3.1499514647e-001; w2(1)=7.1131821241e-001; w2(2)=4.9162274643e-001; w2(3)=6.5260550688e-001; w2(4)=3.6838287557e-001; 

