
%liczba neuronów ukrytych: 5, liczba wejœæ sieci: 4
%wejœcie 1: u(k-3)
%wejœcie 2: u(k-4)
%wejœcie 3: y(k-1)
%wejœcie 4: y(k-2)
%uczenie w trybie OE
w10(1,1)=-1.4605645761e-001; w1(1,1)=1.6250728318e-001; w1(1,2)=2.1489915282e-001; w1(1,3)=-1.3591754930e-001; w1(1,4)=-2.5488688016e-001; 
w10(2,1)=-2.4435945415e-001; w1(2,1)=3.2714256320e-001; w1(2,2)=4.2002853083e-001; w1(2,3)=-1.2293837915e-001; w1(2,4)=-2.6653571166e-001; 
w10(3,1)=-5.2569905119e-002; w1(3,1)=4.1400456813e-002; w1(3,2)=-1.6387743529e-001; w1(3,3)=5.0473596911e-002; w1(3,4)=2.1979394999e-001; 
w10(4,1)=-3.5109248847e-001; w1(4,1)=-9.6817883674e-001; w1(4,2)=-9.3116730745e-001; w1(4,3)=-1.2748908978e-001; w1(4,4)=-1.3529432024e-002; 
w10(5,1)=-4.6087976642e-002; w1(5,1)=-4.7960081112e-002; w1(5,2)=-8.9422849426e-002; w1(5,3)=-3.4608913743e-002; w1(5,4)=3.0371849499e-001; 
w20=-2.9126188497e-001; w2(1)=-6.5819381959e-001; w2(2)=-6.7321160832e-001; w2(3)=6.0451290727e-001; w2(4)=-3.5487904196e-001; w2(5)=7.1523203072e-001; 

