
%liczba neuronów ukrytych: 4, liczba wejœæ sieci: 4
%wejœcie 1: u(k-3)
%wejœcie 2: u(k-4)
%wejœcie 3: y(k-1)
%wejœcie 4: y(k-2)
%uczenie w trybie OE
w10(1,1)=-6.5143243837e-002; w1(1,1)=2.5531933636e-002; w1(1,2)=-1.3405428274e-001; w1(1,3)=3.5652941800e-002; w1(1,4)=1.8836901183e-001; 
w10(2,1)=3.8656556056e-001; w1(2,1)=2.9999392805e-002; w1(2,2)=-1.1109892039e-001; w1(2,3)=1.4824466713e-001; w1(2,4)=4.7518454923e-001; 
w10(3,1)=5.0284737259e-002; w1(3,1)=-9.6040931153e-002; w1(3,2)=1.5418536608e-001; w1(3,3)=-1.0841514790e-001; w1(3,4)=-2.3673655618e-001; 
w10(4,1)=-4.2340945261e-001; w1(4,1)=1.1820819761e-001; w1(4,2)=2.6833335310e-001; w1(4,3)=-6.0640984402e-002; w1(4,4)=-4.3324915348e-001; 
w20=-4.9651147867e-001; w2(1)=2.1309818936e-001; w2(2)=7.7284302303e-001; w2(3)=-3.0252029585e-001; w2(4)=-6.5196523164e-001; 

