
%liczba neuronów ukrytych: 5, liczba wejœæ sieci: 4
%wejœcie 1: u(k-3)
%wejœcie 2: u(k-4)
%wejœcie 3: y(k-1)
%wejœcie 4: y(k-2)
%uczenie w trybie ARX
w10(1,1)=-2.5901141712e-001; w1(1,1)=-6.4191315717e-002; w1(1,2)=7.9889712218e-001; w1(1,3)=-1.0202229790e+000; w1(1,4)=7.2412097199e-001; 
w10(2,1)=3.8362956831e-001; w1(2,1)=-3.8700563286e-002; w1(2,2)=-2.3111624673e-001; w1(2,3)=1.2261362471e-001; w1(2,4)=-6.2156826470e-001; 
w10(3,1)=7.4442191850e-001; w1(3,1)=-1.7224253808e-002; w1(3,2)=2.1656240311e-001; w1(3,3)=-7.8018815966e-002; w1(3,4)=6.1790151049e-001; 
w10(4,1)=2.9026918235e-001; w1(4,1)=8.2930109521e-002; w1(4,2)=-3.2610614000e-001; w1(4,3)=-9.4529420752e-001; w1(4,4)=1.3422946205e+000; 
w10(5,1)=3.0242557438e-001; w1(5,1)=8.8880789482e-002; w1(5,2)=9.8913348460e-001; w1(5,3)=1.1566566228e+000; w1(5,4)=-3.2768468656e-001; 
w20=-2.8447103190e-001; w2(1)=-9.1338643582e-001; w2(2)=-1.7684472041e+000; w2(3)=1.7314758240e+000; w2(4)=-9.1993152135e-001; w2(5)=-4.4722162339e-001; 

