
%liczba neuronów ukrytych: 8, liczba wejœæ sieci: 4
%wejœcie 1: u(k-3)
%wejœcie 2: u(k-4)
%wejœcie 3: y(k-1)
%wejœcie 4: y(k-2)
%uczenie w trybie OE
w10(1,1)=6.1107290958e-001; w1(1,1)=-2.6688774496e-001; w1(1,2)=-1.7835070431e+000; w1(1,3)=-6.5211946858e-001; w1(1,4)=4.6903011231e-001; 
w10(2,1)=-2.5777912996e-001; w1(2,1)=1.2154954916e-001; w1(2,2)=-2.6383142806e-001; w1(2,3)=-1.2286477020e+000; w1(2,4)=6.1351710478e-001; 
w10(3,1)=9.9999179466e-001; w1(3,1)=-7.4068448099e-001; w1(3,2)=-1.0480701467e+000; w1(3,3)=-1.3667089063e+000; w1(3,4)=1.1428285641e+000; 
w10(4,1)=-5.1688518681e-001; w1(4,1)=-2.4296017687e-001; w1(4,2)=8.0022427985e-001; w1(4,3)=-1.6598573851e+000; w1(4,4)=1.2481351370e+000; 
w10(5,1)=6.1460213727e-001; w1(5,1)=-1.5842719170e-001; w1(5,2)=1.7793861225e-001; w1(5,3)=-5.2038110956e-001; w1(5,4)=-3.4447390423e-001; 
w10(6,1)=1.4060318435e+000; w1(6,1)=3.1971990840e-002; w1(6,2)=3.7061942132e-002; w1(6,3)=1.5768591549e-001; w1(6,4)=6.8504883705e-001; 
w10(7,1)=-1.4671540076e-001; w1(7,1)=1.4034114959e+000; w1(7,2)=9.2968522988e-001; w1(7,3)=-5.8292543862e-001; w1(7,4)=6.8242968287e-001; 
w10(8,1)=-1.7305403327e+000; w1(8,1)=1.4495970748e+000; w1(8,2)=7.4763143389e-001; w1(8,3)=-1.4000522693e-001; w1(8,4)=6.1125218236e-001; 
w20=-4.5980206728e-001; w2(1)=-1.1790513207e-001; w2(2)=-7.0511655390e-001; w2(3)=2.2387875854e-001; w2(4)=-4.2677429478e-001; w2(5)=-5.4193372289e-001; w2(6)=4.8915089924e-001; w2(7)=-2.7006829611e-002; w2(8)=1.7864790531e-001; 

