
%liczba neuronów ukrytych: 1, liczba wejœæ sieci: 4
%wejœcie 1: u(k-3)
%wejœcie 2: u(k-4)
%wejœcie 3: y(k-1)
%wejœcie 4: y(k-2)
%uczenie w trybie OE
w10(1,1)=-4.3326436167e-001; w1(1,1)=-3.4330855468e-002; w1(1,2)=3.4932284592e-001; w1(1,3)=3.5387872872e-002; w1(1,4)=-6.9963220869e-001; 
w20=-5.5398458341e-001; w2(1)=-1.4494188244e+000; 

