
%liczba neuronów ukrytych: 1, liczba wejœæ sieci: 4
%wejœcie 1: u(k-3)
%wejœcie 2: u(k-4)
%wejœcie 3: y(k-1)
%wejœcie 4: y(k-2)
%uczenie w trybie OE
w10(1,1)=-4.4291450569e-001; w1(1,1)=2.4447948411e-003; w1(1,2)=3.2319740057e-001; w1(1,3)=3.9578857845e-002; w1(1,4)=-7.2005493079e-001; 
w20=-5.5214094299e-001; w2(1)=-1.4221840650e+000; 

