
%liczba neuronów ukrytych: 9, liczba wejœæ sieci: 4
%wejœcie 1: u(k-3)
%wejœcie 2: u(k-4)
%wejœcie 3: y(k-1)
%wejœcie 4: y(k-2)
%uczenie w trybie OE
w10(1,1)=-7.9762123718e-001; w1(1,1)=-1.3573287475e+000; w1(1,2)=9.7525507613e-001; w1(1,3)=-6.9690415706e-001; w1(1,4)=-3.5654826639e-001; 
w10(2,1)=-8.2503276925e-001; w1(2,1)=9.4840230088e-001; w1(2,2)=-1.1884199941e+000; w1(2,3)=-8.8809064829e-001; w1(2,4)=-2.1983262811e-001; 
w10(3,1)=7.5387017208e-001; w1(3,1)=1.4499449922e+000; w1(3,2)=1.5065722241e+000; w1(3,3)=1.0252884315e+000; w1(3,4)=-4.1650098343e-001; 
w10(4,1)=3.1480580663e-002; w1(4,1)=-8.2624681057e-001; w1(4,2)=1.7605591549e+000; w1(4,3)=9.4501705418e-001; w1(4,4)=-1.2112034667e+000; 
w10(5,1)=-9.6049884424e-001; w1(5,1)=-7.8914643597e-001; w1(5,2)=3.0090671590e+000; w1(5,3)=-9.5284406891e-001; w1(5,4)=3.1691218072e-001; 
w10(6,1)=9.6159731658e-001; w1(6,1)=7.3120268055e-002; w1(6,2)=-4.5973148398e-002; w1(6,3)=5.4908650969e-001; w1(6,4)=1.4653991250e-002; 
w10(7,1)=-6.3294947721e-002; w1(7,1)=4.5029064504e-001; w1(7,2)=-3.1415387772e-001; w1(7,3)=-8.6001473561e-001; w1(7,4)=4.3724988452e-001; 
w10(8,1)=-2.7326977662e-001; w1(8,1)=4.2409483575e-001; w1(8,2)=-2.4055380373e+000; w1(8,3)=-7.4559728141e-001; w1(8,4)=4.1464574031e-001; 
w10(9,1)=-5.4690493630e-001; w1(9,1)=7.9011253283e-001; w1(9,2)=-6.0659816515e-001; w1(9,3)=4.6176441640e-001; w1(9,4)=3.4035073831e-001; 
w20=-6.1115403797e-001; w2(1)=-1.6566907684e-001; w2(2)=1.9725184664e-001; w2(3)=3.5422963620e-002; w2(4)=1.7273617237e-001; w2(5)=-2.7365164069e-002; w2(6)=1.0733751239e+000; w2(7)=-1.1272560584e+000; w2(8)=1.3405843003e-001; w2(9)=4.9760296415e-001; 

