
%liczba neuronów ukrytych: 9, liczba wejœæ sieci: 4
%wejœcie 1: u(k-3)
%wejœcie 2: u(k-4)
%wejœcie 3: y(k-1)
%wejœcie 4: y(k-2)
%uczenie w trybie ARX
w10(1,1)=3.4772925598e-001; w1(1,1)=1.5611870226e-001; w1(1,2)=4.7119749614e-001; w1(1,3)=-1.7177869677e-001; w1(1,4)=-1.2169618930e-001; 
w10(2,1)=-1.8285335503e-001; w1(2,1)=-8.6731314923e-001; w1(2,2)=-9.3619062284e-001; w1(2,3)=-1.1792357552e+000; w1(2,4)=1.8776383386e-001; 
w10(3,1)=-8.8838114012e-002; w1(3,1)=-5.1908178690e-001; w1(3,2)=-5.7556164960e-001; w1(3,3)=4.8557676208e-001; w1(3,4)=-1.1464516009e+000; 
w10(4,1)=2.5117117415e-001; w1(4,1)=-2.3468050976e-001; w1(4,2)=-1.1722010901e-001; w1(4,3)=1.0230609226e+000; w1(4,4)=-7.9188419145e-001; 
w10(5,1)=3.4623785253e-001; w1(5,1)=2.2534707327e-001; w1(5,2)=4.2044286573e-002; w1(5,3)=1.1614884910e-001; w1(5,4)=5.8307611842e-001; 
w10(6,1)=-5.0221420821e-001; w1(6,1)=3.4119655867e-001; w1(6,2)=3.8096857085e-001; w1(6,3)=-2.0091005194e-001; w1(6,4)=4.1075975707e-001; 
w10(7,1)=3.4686634344e-001; w1(7,1)=-5.3970100199e-002; w1(7,2)=4.3514444257e-001; w1(7,3)=1.8235698287e-001; w1(7,4)=7.5041599706e-001; 
w10(8,1)=-6.4661856421e-001; w1(8,1)=-4.0524154016e-001; w1(8,2)=-8.2064933780e-002; w1(8,3)=1.1136260282e-001; w1(8,4)=1.6553185082e-001; 
w10(9,1)=9.6677663662e-001; w1(9,1)=6.2476448481e-001; w1(9,2)=1.0236419010e+000; w1(9,3)=4.9076903556e-003; w1(9,4)=-1.5838818773e-001; 
w20=-4.8189096614e-003; w2(1)=-5.5202842564e-001; w2(2)=5.8869996574e-001; w2(3)=-7.8389774875e-001; w2(4)=1.7021677340e+000; w2(5)=1.1663059927e+000; w2(6)=8.7392187006e-001; w2(7)=-6.3282298199e-001; w2(8)=4.5985912013e-001; w2(9)=3.9921942196e-001; 

