
%liczba neuronów ukrytych: 10, liczba wejœæ sieci: 4
%wejœcie 1: u(k-3)
%wejœcie 2: u(k-4)
%wejœcie 3: y(k-1)
%wejœcie 4: y(k-2)
%uczenie w trybie ARX
w10(1,1)=-2.0271433606e-001; w1(1,1)=-3.4638259250e-002; w1(1,2)=5.8174749953e-001; w1(1,3)=-8.7429588648e-001; w1(1,4)=-7.8143298011e-002; 
w10(2,1)=1.6741056083e-001; w1(2,1)=-1.3803171306e-001; w1(2,2)=-1.6300582151e-001; w1(2,3)=-5.0599883170e-001; w1(2,4)=1.0289052074e+000; 
w10(3,1)=-3.4755971378e-001; w1(3,1)=1.8030172780e-001; w1(3,2)=4.3521072996e-001; w1(3,3)=-4.4384106988e-001; w1(3,4)=1.6445820094e-001; 
w10(4,1)=9.7358542543e-001; w1(4,1)=-2.4188213407e-001; w1(4,2)=-5.8410486597e-001; w1(4,3)=2.1741029420e-002; w1(4,4)=-6.6320364703e-001; 
w10(5,1)=3.6087919863e-001; w1(5,1)=5.0994486534e-001; w1(5,2)=1.3404587547e-001; w1(5,3)=8.9200711549e-001; w1(5,4)=-4.6267599375e-001; 
w10(6,1)=7.1864499685e-001; w1(6,1)=1.1682985609e-002; w1(6,2)=1.2093103269e-001; w1(6,3)=-6.8042832518e-001; w1(6,4)=-4.2004146208e-001; 
w10(7,1)=-3.1959731252e-001; w1(7,1)=-3.6634361540e-001; w1(7,2)=-1.1276647683e-001; w1(7,3)=1.5911505550e-001; w1(7,4)=-9.5716983416e-001; 
w10(8,1)=1.8497604885e+000; w1(8,1)=4.1247519503e-001; w1(8,2)=7.0552972112e-001; w1(8,3)=1.0494613416e+000; w1(8,4)=1.0519716875e-002; 
w10(9,1)=-3.4490427354e-001; w1(9,1)=2.5967335400e-001; w1(9,2)=2.4230780298e-002; w1(9,3)=5.6879556801e-001; w1(9,4)=5.3128874843e-001; 
w10(10,1)=2.3574018450e-001; w1(10,1)=1.8057187062e-001; w1(10,2)=6.7732843766e-002; w1(10,3)=-6.0976853019e-001; w1(10,4)=-5.7187339826e-001; 
w20=-2.0806571859e-001; w2(1)=-1.7021728518e-001; w2(2)=-9.8836564894e-001; w2(3)=-1.6289382485e+000; w2(4)=-1.0975255027e+000; w2(5)=-6.1961864232e-001; w2(6)=-3.3600070773e-001; w2(7)=-8.5147600262e-001; w2(8)=7.6187888152e-001; w2(9)=-1.5702247051e-001; w2(10)=-5.4194957531e-004; 

