
%liczba neuronów ukrytych: 6, liczba wejœæ sieci: 4
%wejœcie 1: u(k-3)
%wejœcie 2: u(k-4)
%wejœcie 3: y(k-1)
%wejœcie 4: y(k-2)
%uczenie w trybie OE
w10(1,1)=-1.0825420832e+000; w1(1,1)=6.3177198737e-002; w1(1,2)=-2.6044594800e-001; w1(1,3)=1.9797826791e-002; w1(1,4)=-6.6106605986e-001; 
w10(2,1)=-1.2929911701e-001; w1(2,1)=-1.2545210546e-001; w1(2,2)=8.2782589707e-001; w1(2,3)=1.3002347614e-001; w1(2,4)=-5.9698637067e-001; 
w10(3,1)=1.9247184204e-001; w1(3,1)=-1.6838822845e-001; w1(3,2)=-3.5981917827e-001; w1(3,3)=1.1321112291e+000; w1(3,4)=-9.2610311607e-001; 
w10(4,1)=-3.8529416354e-001; w1(4,1)=-4.4333850816e-001; w1(4,2)=5.0269945663e-001; w1(4,3)=-6.0691170804e-001; w1(4,4)=4.3048652936e-002; 
w10(5,1)=7.2801123619e-001; w1(5,1)=-2.8737583903e-001; w1(5,2)=-1.1335543425e-001; w1(5,3)=1.0512122461e-001; w1(5,4)=-4.0599261565e-001; 
w10(6,1)=4.8059549316e-001; w1(6,1)=9.2341314485e-002; w1(6,2)=-1.8255996486e-001; w1(6,3)=-6.3044712902e-001; w1(6,4)=-3.4679561773e-002; 
w20=-6.1175163435e-002; w2(1)=-6.8535099690e-001; w2(2)=2.5365414997e-001; w2(3)=1.0058715078e+000; w2(4)=-4.0008950245e-001; w2(5)=-7.3507148122e-001; w2(6)=-7.4201161179e-001; 

