
%liczba neuronów ukrytych: 10, liczba wejœæ sieci: 4
%wejœcie 1: u(k-3)
%wejœcie 2: u(k-4)
%wejœcie 3: y(k-1)
%wejœcie 4: y(k-2)
%uczenie w trybie ARX
w10(1,1)=-2.2042341493e-002; w1(1,1)=2.7603537873e-001; w1(1,2)=7.9903349315e-001; w1(1,3)=1.1532744422e+000; w1(1,4)=-6.2760648637e-001; 
w10(2,1)=3.0888667310e-001; w1(2,1)=-1.0872288051e-001; w1(2,2)=-6.2422606263e-001; w1(2,3)=1.1622487958e+000; w1(2,4)=-7.7884147291e-001; 
w10(3,1)=-1.9438208497e-001; w1(3,1)=-1.4369585992e-001; w1(3,2)=-4.1343177512e-002; w1(3,3)=6.0533319856e-001; w1(3,4)=9.1374490816e-002; 
w10(4,1)=-6.5319394105e-001; w1(4,1)=-2.1697464830e-001; w1(4,2)=2.4312285983e-003; w1(4,3)=-1.5913002691e-001; w1(4,4)=-7.0225348082e-001; 
w10(5,1)=4.7664949527e-001; w1(5,1)=5.5938065670e-002; w1(5,2)=2.0935312026e-003; w1(5,3)=8.5092820452e-002; w1(5,4)=1.2535604572e-001; 
w10(6,1)=1.2208521216e+000; w1(6,1)=2.8207409935e-003; w1(6,2)=4.4092406216e-001; w1(6,3)=5.5174003374e-001; w1(6,4)=1.0293630172e-002; 
w10(7,1)=3.8583006467e-001; w1(7,1)=-4.6448084403e-002; w1(7,2)=-4.0489031168e-002; w1(7,3)=1.2887336790e-001; w1(7,4)=7.4012476517e-001; 
w10(8,1)=1.8408408870e-001; w1(8,1)=4.8081786251e-002; w1(8,2)=-1.2376866660e-002; w1(8,3)=-2.3310759055e-001; w1(8,4)=-3.0927695606e-001; 
w10(9,1)=-5.4860550436e-001; w1(9,1)=2.1025413336e-001; w1(9,2)=5.8728048057e-001; w1(9,3)=1.5110387200e-001; w1(9,4)=4.3111186228e-001; 
w10(10,1)=3.5543866848e-001; w1(10,1)=3.7919168279e-001; w1(10,2)=4.9899349737e-001; w1(10,3)=-1.7504861003e-001; w1(10,4)=-2.7521550321e-001; 
w20=-8.0038021269e-001; w2(1)=-6.6000583741e-001; w2(2)=7.8642618056e-001; w2(3)=6.5134260032e-001; w2(4)=-4.1261034196e-001; w2(5)=1.5220493504e-001; w2(6)=1.2041614606e+000; w2(7)=-5.1258916277e-001; w2(8)=-2.5050873597e-001; w2(9)=1.0065530870e+000; w2(10)=2.8903481443e-001; 

