
%liczba neuronów ukrytych: 10, liczba wejœæ sieci: 4
%wejœcie 1: u(k-3)
%wejœcie 2: u(k-4)
%wejœcie 3: y(k-1)
%wejœcie 4: y(k-2)
%uczenie w trybie OE
w10(1,1)=-3.8594908056e-002; w1(1,1)=1.5471961317e-001; w1(1,2)=2.1153138200e-001; w1(1,3)=-1.1155478201e-001; w1(1,4)=-1.5217422287e-001; 
w10(2,1)=-3.9655903130e-002; w1(2,1)=-8.7955476780e-002; w1(2,2)=-1.0396053325e-001; w1(2,3)=1.5835844324e-002; w1(2,4)=4.2048891626e-002; 
w10(3,1)=-1.3862586985e-002; w1(3,1)=-8.5700487517e-002; w1(3,2)=1.2418247513e-001; w1(3,3)=-4.2299503536e-002; w1(3,4)=-2.0270416027e-001; 
w10(4,1)=-5.5047059740e-002; w1(4,1)=-1.3358748445e-002; w1(4,2)=-1.7507919135e-001; w1(4,3)=3.2195556726e-002; w1(4,4)=1.0067798013e-001; 
w10(5,1)=-1.1889823153e-001; w1(5,1)=4.1411131459e-004; w1(5,2)=1.1732105691e-001; w1(5,3)=-1.7332960374e-001; w1(5,4)=-2.7894840336e-001; 
w10(6,1)=2.8654443373e-002; w1(6,1)=1.0407635323e-002; w1(6,2)=-5.5233593200e-002; w1(6,3)=2.6255105447e-002; w1(6,4)=-1.3510944692e-001; 
w10(7,1)=2.7317560838e-002; w1(7,1)=-1.4233658209e-001; w1(7,2)=3.6876398434e-002; w1(7,3)=-1.0551216534e-001; w1(7,4)=-2.0531751227e-001; 
w10(8,1)=-1.9900850393e-001; w1(8,1)=1.9581221883e-002; w1(8,2)=1.0592158935e-001; w1(8,3)=-1.2932500618e-001; w1(8,4)=-3.3296570783e-001; 
w10(9,1)=1.3796183642e-002; w1(9,1)=5.6262798591e-002; w1(9,2)=6.0789368430e-002; w1(9,3)=1.9442904303e-003; w1(9,4)=2.0311216098e-001; 
w10(10,1)=-5.5920155262e-001; w1(10,1)=1.1269946771e-001; w1(10,2)=2.0169794775e-001; w1(10,3)=-1.2620249669e-001; w1(10,4)=-4.5781822562e-001; 
w20=-4.2689031117e-001; w2(1)=-1.6218950204e-001; w2(2)=3.1007214319e-002; w2(3)=-2.4042507458e-001; w2(4)=1.1926261734e-001; w2(5)=-3.4065725574e-001; w2(6)=-9.4972078247e-002; w2(7)=-2.4338758881e-001; w2(8)=-3.8587565406e-001; w2(9)=1.9370204687e-001; w2(10)=-6.4909045035e-001; 

