
%liczba neuronów ukrytych: 9, liczba wejœæ sieci: 4
%wejœcie 1: u(k-3)
%wejœcie 2: u(k-4)
%wejœcie 3: y(k-1)
%wejœcie 4: y(k-2)
%uczenie w trybie OE
w10(1,1)=-1.6610755757e-001; w1(1,1)=2.5064243384e-001; w1(1,2)=2.1428083474e-001; w1(1,3)=-1.6797156558e-001; w1(1,4)=-2.2364074081e-001; 
w10(2,1)=1.9994477053e-002; w1(2,1)=4.0810179013e-002; w1(2,2)=-5.5485091973e-002; w1(2,3)=8.9555890049e-003; w1(2,4)=-1.7191870949e-001; 
w10(3,1)=-4.9453930087e-002; w1(3,1)=-9.4508350886e-002; w1(3,2)=-1.2370265034e-002; w1(3,3)=-1.7978028687e-001; w1(3,4)=-3.5174612198e-001; 
w10(4,1)=-6.2814137621e-001; w1(4,1)=1.6888804199e-001; w1(4,2)=2.8084964453e-001; w1(4,3)=-1.2792229067e-001; w1(4,4)=-3.6792835190e-001; 
w10(5,1)=2.6237553360e-002; w1(5,1)=1.3769636622e-001; w1(5,2)=-4.7997810084e-002; w1(5,3)=1.3022685402e-001; w1(5,4)=3.6800329247e-001; 
w10(6,1)=-6.6687074732e-002; w1(6,1)=-6.5942456838e-002; w1(6,2)=2.0368103965e-002; w1(6,3)=1.1444660030e-001; w1(6,4)=7.4223051547e-002; 
w10(7,1)=-4.5083194562e-002; w1(7,1)=-3.8296629626e-002; w1(7,2)=-1.1913825518e-001; w1(7,3)=-2.9688673936e-002; w1(7,4)=-8.3839094934e-002; 
w10(8,1)=7.4377499420e-002; w1(8,1)=3.2287552584e-002; w1(8,2)=9.8317158516e-002; w1(8,3)=-3.9846352052e-002; w1(8,4)=-3.9320445110e-003; 
w10(9,1)=4.8254243635e-003; w1(9,1)=-3.3351853215e-002; w1(9,2)=-2.2556753131e-001; w1(9,3)=5.6859813946e-002; w1(9,4)=2.3417004756e-001; 
w20=-3.9493066084e-001; w2(1)=-2.3393066801e-001; w2(2)=-1.3251452624e-001; w2(3)=-4.5783400127e-001; w2(4)=-6.0392295941e-001; w2(5)=4.6208397966e-001; w2(6)=9.3987044817e-002; w2(7)=-8.6644830756e-002; w2(8)=2.5711440475e-002; w2(9)=2.4520708810e-001; 

