
%liczba neuronów ukrytych: 6, liczba wejœæ sieci: 4
%wejœcie 1: u(k-3)
%wejœcie 2: u(k-4)
%wejœcie 3: y(k-1)
%wejœcie 4: y(k-2)
%uczenie w trybie OE
w10(1,1)=-2.6104023174e-001; w1(1,1)=1.3459643316e+000; w1(1,2)=2.0722474868e+000; w1(1,3)=2.5115472904e+000; w1(1,4)=-1.5642663890e+000; 
w10(2,1)=-7.0345597965e-001; w1(2,1)=-3.4460160720e+000; w1(2,2)=-3.9710111644e+000; w1(2,3)=-3.5306559176e+000; w1(2,4)=-7.9979724798e-001; 
w10(3,1)=1.6537329721e-001; w1(3,1)=-1.6977605389e-001; w1(3,2)=4.1499339231e-002; w1(3,3)=1.0526780296e+000; w1(3,4)=-7.1594168099e-001; 
w10(4,1)=-1.2237630358e-001; w1(4,1)=-7.6260132619e-001; w1(4,2)=2.2660823049e-001; w1(4,3)=1.6306812173e+000; w1(4,4)=-1.9418355452e+000; 
w10(5,1)=1.3215957197e+000; w1(5,1)=1.8785468694e+000; w1(5,2)=8.2804612249e-001; w1(5,3)=3.7577288563e-001; w1(5,4)=9.1058582380e-001; 
w10(6,1)=9.3425368744e-001; w1(6,1)=5.2748850050e-001; w1(6,2)=1.7387096099e+000; w1(6,3)=1.1410579796e-001; w1(6,4)=-4.3214800788e-001; 
w20=-4.6417764068e-001; w2(1)=-1.1158284702e-001; w2(2)=2.4404403874e-002; w2(3)=2.4414435340e+000; w2(4)=-9.2492214147e-001; w2(5)=-9.9660343325e-002; w2(6)=3.5936653230e-002; 

