
%liczba neuronów ukrytych: 7, liczba wejœæ sieci: 4
%wejœcie 1: u(k-3)
%wejœcie 2: u(k-4)
%wejœcie 3: y(k-1)
%wejœcie 4: y(k-2)
%uczenie w trybie OE
w10(1,1)=-2.6127399006e-001; w1(1,1)=-3.6003482663e-002; w1(1,2)=2.5313096757e-001; w1(1,3)=3.6664630485e-001; w1(1,4)=4.0003104256e-001; 
w10(2,1)=-1.5336017987e+000; w1(2,1)=8.6676251197e-001; w1(2,2)=2.2428033471e-001; w1(2,3)=-1.6123759230e-001; w1(2,4)=8.1115494572e-001; 
w10(3,1)=1.0607187852e-001; w1(3,1)=-5.5277834565e-001; w1(3,2)=8.3667201347e-001; w1(3,3)=1.4526781065e+000; w1(3,4)=-9.7409369733e-001; 
w10(4,1)=-4.4948336403e-001; w1(4,1)=3.6222714567e-001; w1(4,2)=-4.6529819174e-001; w1(4,3)=9.5846763952e-002; w1(4,4)=5.2011393935e-001; 
w10(5,1)=-4.9166422579e-001; w1(5,1)=2.8384380024e-001; w1(5,2)=7.2619914090e-001; w1(5,3)=-1.5154014813e+000; w1(5,4)=1.1884025743e+000; 
w10(6,1)=-1.3457392983e+000; w1(6,1)=1.2578999803e+000; w1(6,2)=2.3644680478e+000; w1(6,3)=1.0592433855e+000; w1(6,4)=-1.1268023362e+000; 
w10(7,1)=-1.0831018666e+000; w1(7,1)=-3.5522283241e-001; w1(7,2)=4.6743524521e-001; w1(7,3)=-2.7969400065e-001; w1(7,4)=-2.4305066039e-001; 
w20=-4.2348692286e-001; w2(1)=-3.3210423807e-001; w2(2)=2.0343748680e-001; w2(3)=8.1369741518e-001; w2(4)=1.0617521741e+000; w2(5)=-2.3073318283e-001; w2(6)=1.8021827414e-002; w2(7)=-1.0027387015e+000; 

