
%liczba neuronów ukrytych: 6, liczba wejœæ sieci: 4
%wejœcie 1: u(k-3)
%wejœcie 2: u(k-4)
%wejœcie 3: y(k-1)
%wejœcie 4: y(k-2)
%uczenie w trybie OE
w10(1,1)=1.0160162222e-001; w1(1,1)=6.7191216634e-002; w1(1,2)=2.7993310688e-001; w1(1,3)=1.2792812295e-002; w1(1,4)=-3.8846870440e-002; 
w10(2,1)=5.6969095848e-001; w1(2,1)=-7.0166014739e-002; w1(2,2)=-1.7226661925e-001; w1(2,3)=9.6546568853e-002; w1(2,4)=4.6741856219e-001; 
w10(3,1)=-8.4213881056e-002; w1(3,1)=-2.5163414687e-001; w1(3,2)=-1.8954159786e-001; w1(3,3)=-4.5254142559e-002; w1(3,4)=1.1540955320e-001; 
w10(4,1)=2.5857656760e-002; w1(4,1)=-2.2996972638e-001; w1(4,2)=-6.1332789937e-002; w1(4,3)=-1.6679133084e-001; w1(4,4)=-3.6363041201e-001; 
w10(5,1)=-1.5871712497e-001; w1(5,1)=1.4239658792e-001; w1(5,2)=3.5981742347e-001; w1(5,3)=-1.3662838519e-001; w1(5,4)=-3.0699617282e-001; 
w10(6,1)=4.4062355676e-002; w1(6,1)=2.1691198516e-001; w1(6,2)=1.3213601909e-001; w1(6,3)=-2.1728102203e-002; w1(6,4)=-2.5913678377e-001; 
w20=-4.5819042210e-001; w2(1)=-8.2692706544e-003; w2(2)=8.4632752148e-001; w2(3)=8.6168239464e-003; w2(4)=-4.9665011298e-001; w2(5)=-4.0800475848e-001; w2(6)=-2.3616795913e-001; 

