
%liczba neuronów ukrytych: 8, liczba wejœæ sieci: 4
%wejœcie 1: u(k-3)
%wejœcie 2: u(k-4)
%wejœcie 3: y(k-1)
%wejœcie 4: y(k-2)
%uczenie w trybie ARX
w10(1,1)=-1.0005934506e-001; w1(1,1)=-1.1057334264e-002; w1(1,2)=-7.6016331342e-002; w1(1,3)=1.4311920309e-001; w1(1,4)=3.3646650486e-001; 
w10(2,1)=-2.8286588559e-001; w1(2,1)=1.5469880529e-001; w1(2,2)=5.2399120869e-001; w1(2,3)=4.2298208085e-001; w1(2,4)=-2.5388325975e-001; 
w10(3,1)=-1.7298688160e-001; w1(3,1)=6.7690396399e-002; w1(3,2)=4.5657656397e-001; w1(3,3)=-4.5464962176e-001; w1(3,4)=6.1933154022e-002; 
w10(4,1)=-4.6847996220e-001; w1(4,1)=1.9382247564e-001; w1(4,2)=6.6967512252e-001; w1(4,3)=-2.2545990396e-001; w1(4,4)=-2.1195314448e-001; 
w10(5,1)=-1.1435468684e+000; w1(5,1)=-2.1052265397e-002; w1(5,2)=-4.1123784529e-001; w1(5,3)=-2.9206493929e-001; w1(5,4)=-2.2241280536e-001; 
w10(6,1)=-9.9797735009e-001; w1(6,1)=1.1163302545e-001; w1(6,2)=6.0898790707e-001; w1(6,3)=-1.2379396918e-001; w1(6,4)=6.1169021231e-001; 
w10(7,1)=6.9433752109e-001; w1(7,1)=-3.7654610624e-001; w1(7,2)=-4.4668424856e-001; w1(7,3)=-9.0726794491e-002; w1(7,4)=8.1772128287e-001; 
w10(8,1)=2.6168697390e-001; w1(8,1)=-2.0497823347e-001; w1(8,2)=-4.9522743536e-001; w1(8,3)=-5.7968891660e-001; w1(8,4)=1.0075090234e+000; 
w20=-4.3641756170e-001; w2(1)=8.1983554846e-001; w2(2)=-8.0499478088e-001; w2(3)=-6.3226485676e-001; w2(4)=-1.0536405975e+000; w2(5)=-1.4518033772e+000; w2(6)=1.3863046349e+000; w2(7)=-2.6094831401e-001; w2(8)=-9.5488787073e-001; 

