
%liczba neuronów ukrytych: 4, liczba wejœæ sieci: 4
%wejœcie 1: u(k-3)
%wejœcie 2: u(k-4)
%wejœcie 3: y(k-1)
%wejœcie 4: y(k-2)
%uczenie w trybie OE
w10(1,1)=-2.2790151198e-001; w1(1,1)=8.8580475102e-002; w1(1,2)=-3.5345359497e-002; w1(1,3)=5.2870921354e-001; w1(1,4)=-3.6405480972e-002; 
w10(2,1)=-9.8901595466e-002; w1(2,1)=1.4288280322e+000; w1(2,2)=-5.7840226666e-001; w1(2,3)=-2.8503360607e+000; w1(2,4)=2.5374917916e+000; 
w10(3,1)=1.2030190116e+000; w1(3,1)=-2.8727555618e-003; w1(3,2)=-5.3932182413e-003; w1(3,3)=1.0144930136e+000; w1(3,4)=-4.4425776993e-001; 
w10(4,1)=1.1665540593e-001; w1(4,1)=-7.1668551390e-001; w1(4,2)=1.4426062061e+000; w1(4,3)=3.5547765544e-001; w1(4,4)=8.9576415303e-001; 
w20=-5.6337548981e-001; w2(1)=1.7174076738e+000; w2(2)=-1.4944030346e-001; w2(3)=1.1271768340e+000; w2(4)=-6.2043423764e-002; 

