
%liczba neuronów ukrytych: 7, liczba wejœæ sieci: 4
%wejœcie 1: u(k-3)
%wejœcie 2: u(k-4)
%wejœcie 3: y(k-1)
%wejœcie 4: y(k-2)
%uczenie w trybie OE
w10(1,1)=1.3165474486e+000; w1(1,1)=2.2509446466e-001; w1(1,2)=-3.1648680983e-001; w1(1,3)=-2.4522011146e-001; w1(1,4)=9.3169709861e-001; 
w10(2,1)=-1.3841000632e+000; w1(2,1)=4.0162637671e-001; w1(2,2)=5.1669433954e-001; w1(2,3)=1.1592404144e-001; w1(2,4)=9.6817365737e-001; 
w10(3,1)=-2.8762663219e-001; w1(3,1)=-2.2796575956e-002; w1(3,2)=-2.7963469421e-001; w1(3,3)=-3.9044777601e-001; w1(3,4)=-6.5689978341e-002; 
w10(4,1)=-3.0405799831e-001; w1(4,1)=-2.4192337228e-002; w1(4,2)=2.7817091583e-001; w1(4,3)=4.4519163827e-001; w1(4,4)=-7.3666498061e-001; 
w10(5,1)=1.8775647671e-001; w1(5,1)=-6.7880990254e-002; w1(5,2)=-3.5808918431e-001; w1(5,3)=1.1704505787e+000; w1(5,4)=-9.7071735366e-001; 
w10(6,1)=2.4011837754e-001; w1(6,1)=-2.6144068917e-001; w1(6,2)=3.3196754918e-001; w1(6,3)=1.5351256098e-001; w1(6,4)=-6.4085782789e-001; 
w10(7,1)=-1.0198000496e-001; w1(7,1)=7.5798235300e-001; w1(7,2)=-7.9620188860e-001; w1(7,3)=-7.0499247216e-001; w1(7,4)=2.9734320369e-001; 
w20=-3.3356697162e-001; w2(1)=5.8835065211e-001; w2(2)=1.8826405991e-001; w2(3)=-6.7207676868e-001; w2(4)=6.5113916576e-001; w2(5)=9.5019343197e-001; w2(6)=-8.9849688622e-001; w2(7)=-2.9263301734e-001; 

