
%liczba neuronów ukrytych: 7, liczba wejœæ sieci: 4
%wejœcie 1: u(k-3)
%wejœcie 2: u(k-4)
%wejœcie 3: y(k-1)
%wejœcie 4: y(k-2)
%uczenie w trybie OE
w10(1,1)=-8.3038946023e-001; w1(1,1)=3.5732315632e-001; w1(1,2)=3.0667612550e-001; w1(1,3)=-1.2842580080e-002; w1(1,4)=-3.0475484436e-001; 
w10(2,1)=1.2261052665e-001; w1(2,1)=8.7927633402e-001; w1(2,2)=-3.4538255712e-001; w1(2,3)=-1.4047916973e+000; w1(2,4)=1.4429701694e+000; 
w10(3,1)=-2.7278695690e-001; w1(3,1)=5.1345645234e-001; w1(3,2)=2.6113609598e+000; w1(3,3)=-4.0952430524e-001; w1(3,4)=1.2226265300e-003; 
w10(4,1)=6.6193874650e-001; w1(4,1)=4.6338036217e-002; w1(4,2)=3.1904661275e-002; w1(4,3)=1.2561980588e-001; w1(4,4)=-9.6145088317e-001; 
w10(5,1)=-4.8609692730e-001; w1(5,1)=3.7147178719e-001; w1(5,2)=-1.4262927409e-001; w1(5,3)=-1.5171858158e+000; w1(5,4)=1.0553495018e+000; 
w10(6,1)=9.4489494284e-001; w1(6,1)=3.9995384502e-001; w1(6,2)=-2.6025599766e-001; w1(6,3)=-2.0067117955e-001; w1(6,4)=7.5341768677e-001; 
w10(7,1)=3.1806365123e-001; w1(7,1)=-4.3415560012e-001; w1(7,2)=1.3521656732e-001; w1(7,3)=-5.8301891364e-001; w1(7,4)=1.6772342636e-001; 
w20=-3.5882379751e-001; w2(1)=-9.0826359960e-002; w2(2)=-4.4201709696e-001; w2(3)=-7.1485318008e-003; w2(4)=-3.6542677123e-001; w2(5)=-5.0205909643e-001; w2(6)=8.5745295012e-001; w2(7)=-9.6789885300e-001; 

