
%liczba neuronów ukrytych: 9, liczba wejœæ sieci: 4
%wejœcie 1: u(k-3)
%wejœcie 2: u(k-4)
%wejœcie 3: y(k-1)
%wejœcie 4: y(k-2)
%uczenie w trybie OE
w10(1,1)=-1.0536655223e+000; w1(1,1)=1.8339015738e-001; w1(1,2)=5.8053566143e-001; w1(1,3)=-8.1642086738e-003; w1(1,4)=-2.1010664442e-001; 
w10(2,1)=-5.6145266233e-001; w1(2,1)=3.7348476176e-002; w1(2,2)=8.5368446919e-001; w1(2,3)=7.3226346995e-001; w1(2,4)=-5.4754430807e-001; 
w10(3,1)=-4.0984759614e-001; w1(3,1)=-6.7512371709e-002; w1(3,2)=-5.9780147519e-002; w1(3,3)=-4.6529112369e-001; w1(3,4)=8.5379868750e-002; 
w10(4,1)=-1.3870089015e+000; w1(4,1)=1.7608888306e+000; w1(4,2)=5.0377588524e-002; w1(4,3)=1.7878007268e-001; w1(4,4)=6.1914980675e-001; 
w10(5,1)=-3.6206528365e-001; w1(5,1)=8.6871448149e-001; w1(5,2)=1.0359862554e+000; w1(5,3)=3.0258525643e-001; w1(5,4)=-4.7747231781e-001; 
w10(6,1)=8.1880287834e-001; w1(6,1)=-1.1455089890e-001; w1(6,2)=-8.1343918861e-001; w1(6,3)=-7.0926535571e-001; w1(6,4)=7.7000335356e-001; 
w10(7,1)=1.2626081522e+000; w1(7,1)=-2.1920801122e-001; w1(7,2)=2.4507475304e-001; w1(7,3)=6.0453542923e-001; w1(7,4)=-5.6062441820e-002; 
w10(8,1)=-7.1522463710e-001; w1(8,1)=-1.1651474269e-001; w1(8,2)=1.0017321835e-001; w1(8,3)=6.7368025521e-001; w1(8,4)=-8.9084527590e-002; 
w10(9,1)=1.1609003288e-001; w1(9,1)=1.1345899470e-001; w1(9,2)=-4.4953464252e-001; w1(9,3)=1.1183262469e+000; w1(9,4)=-7.9277422637e-001; 
w20=-5.8237910158e-001; w2(1)=-6.4512738259e-001; w2(2)=4.5390320767e-002; w2(3)=-1.1658829593e+000; w2(4)=4.0643318138e-002; w2(5)=-5.7887638026e-002; w2(6)=-4.0302119433e-001; w2(7)=4.5136345310e-001; w2(8)=8.2546125432e-001; w2(9)=4.9897813176e-001; 

