
%liczba neuronów ukrytych: 3, liczba wejœæ sieci: 4
%wejœcie 1: u(k-3)
%wejœcie 2: u(k-4)
%wejœcie 3: y(k-1)
%wejœcie 4: y(k-2)
%uczenie w trybie OE
w10(1,1)=1.0695796420e-001; w1(1,1)=-2.2793690994e+000; w1(1,2)=4.0879313170e-001; w1(1,3)=1.5123786803e+000; w1(1,4)=-1.3714615880e+000; 
w10(2,1)=6.2894541947e-001; w1(2,1)=-4.3039330672e-001; w1(2,2)=3.8263845310e-001; w1(2,3)=-7.9179960911e-001; w1(2,4)=-1.7943677139e-001; 
w10(3,1)=-5.3312347046e-001; w1(3,1)=-1.0743970849e-003; w1(3,2)=5.8159190603e-003; w1(3,3)=-6.2067953838e-001; w1(3,4)=2.5942236108e-001; 
w20=-1.0817116164e+000; w2(1)=5.5324462087e-002; w2(2)=-3.5445798521e-001; w2(3)=-2.6097971763e+000; 

