
%liczba neuronów ukrytych: 4, liczba wejœæ sieci: 4
%wejœcie 1: u(k-3)
%wejœcie 2: u(k-4)
%wejœcie 3: y(k-1)
%wejœcie 4: y(k-2)
%uczenie w trybie ARX
w10(1,1)=2.1054388618e+000; w1(1,1)=-1.4412919307e+000; w1(1,2)=-7.9178064030e-001; w1(1,3)=-5.4987900255e-001; w1(1,4)=-9.0037854762e-001; 
w10(2,1)=-4.0496033842e-001; w1(2,1)=8.9276039791e-002; w1(2,2)=4.2562471242e-001; w1(2,3)=-7.2608330877e-001; w1(2,4)=2.0289409346e-001; 
w10(3,1)=-5.4778968348e-001; w1(3,1)=1.4692932669e-001; w1(3,2)=5.1252393869e-001; w1(3,3)=2.0468177762e-001; w1(3,4)=-9.2093541702e-001; 
w10(4,1)=-1.7110585388e-001; w1(4,1)=1.6435720566e-003; w1(4,2)=-1.0091316455e-001; w1(4,3)=5.5174214747e-002; w1(4,4)=-3.4351898793e-001; 
w20=-5.1956357999e-001; w2(1)=-1.0778229395e-001; w2(2)=-1.7858585172e+000; w2(3)=8.2962812652e-001; w2(4)=-2.0892430176e+000; 

