
%liczba neuronów ukrytych: 7, liczba wejœæ sieci: 4
%wejœcie 1: u(k-3)
%wejœcie 2: u(k-4)
%wejœcie 3: y(k-1)
%wejœcie 4: y(k-2)
%uczenie w trybie OE
w10(1,1)=-4.3807398724e-002; w1(1,1)=-2.5179983491e-002; w1(1,2)=1.1243049162e-001; w1(1,3)=-2.0930046504e-001; w1(1,4)=-3.9633814789e-001; 
w10(2,1)=-5.5660817692e-001; w1(2,1)=7.0365004411e-002; w1(2,2)=2.4096720661e-001; w1(2,3)=-9.4094905608e-002; w1(2,4)=-4.3796903094e-001; 
w10(3,1)=-6.7130921563e-003; w1(3,1)=-3.1501692348e-002; w1(3,2)=1.7221828266e-002; w1(3,3)=-1.2166206581e-001; w1(3,4)=-1.1978366522e-001; 
w10(4,1)=3.8864397709e-002; w1(4,1)=8.5902907202e-002; w1(4,2)=-2.0818201560e-002; w1(4,3)=7.4214694459e-003; w1(4,4)=-6.6643955254e-002; 
w10(5,1)=-3.8752211684e-002; w1(5,1)=5.6417130210e-002; w1(5,2)=-6.6784371571e-002; w1(5,3)=-4.4448207478e-002; w1(5,4)=1.5736725044e-001; 
w10(6,1)=-4.6399086618e-002; w1(6,1)=-1.5777404789e-002; w1(6,2)=-4.8938279288e-003; w1(6,3)=-1.2942562513e-001; w1(6,4)=-6.7692526776e-002; 
w10(7,1)=5.0914713756e-002; w1(7,1)=6.2105228540e-002; w1(7,2)=-1.3717141378e-002; w1(7,3)=-4.2264338863e-002; w1(7,4)=-2.4151752765e-001; 
w20=-4.6638502159e-001; w2(1)=-5.7854885773e-001; w2(2)=-9.2539971684e-001; w2(3)=-1.7538856354e-001; w2(4)=-4.6134152938e-002; w2(5)=1.1619752297e-001; w2(6)=-1.3686124200e-001; w2(7)=-2.3109752178e-001; 

