
%liczba neuronów ukrytych: 8, liczba wejœæ sieci: 4
%wejœcie 1: u(k-3)
%wejœcie 2: u(k-4)
%wejœcie 3: y(k-1)
%wejœcie 4: y(k-2)
%uczenie w trybie OE
w10(1,1)=1.9644612897e-002; w1(1,1)=1.0838555265e-001; w1(1,2)=3.4946753982e-003; w1(1,3)=-3.1779428624e-002; w1(1,4)=-7.8343947909e-002; 
w10(2,1)=-2.9199478566e-002; w1(2,1)=7.8471148559e-002; w1(2,2)=-7.9864784864e-002; w1(2,3)=2.9131939644e-003; w1(2,4)=1.3001678765e-001; 
w10(3,1)=1.1497316643e-001; w1(3,1)=6.6586634507e-002; w1(3,2)=1.5786482608e-002; w1(3,3)=1.2780847510e-001; w1(3,4)=3.2078152722e-001; 
w10(4,1)=1.4340170016e-001; w1(4,1)=-1.3577623264e-002; w1(4,2)=-1.1330665663e-001; w1(4,3)=5.0591088404e-003; w1(4,4)=3.6519432431e-001; 
w10(5,1)=-6.9482704191e-002; w1(5,1)=3.7627566561e-002; w1(5,2)=8.3243510974e-002; w1(5,3)=-1.5916676538e-001; w1(5,4)=-1.4516824072e-001; 
w10(6,1)=4.9893544353e-001; w1(6,1)=-3.1090057598e-001; w1(6,2)=-3.1735535601e-001; w1(6,3)=1.3207406063e-001; w1(6,4)=2.9466334094e-001; 
w10(7,1)=-4.1873764466e-002; w1(7,1)=-2.9947852171e-002; w1(7,2)=-1.8620673160e-001; w1(7,3)=9.5811089728e-002; w1(7,4)=-3.0838336735e-002; 
w10(8,1)=1.1232752123e-001; w1(8,1)=9.5446526021e-002; w1(8,2)=2.7410115968e-003; w1(8,3)=7.5634766409e-002; w1(8,4)=3.6393653350e-001; 
w20=-4.1481530039e-001; w2(1)=-1.2597376897e-001; w2(2)=1.8165978057e-001; w2(3)=4.9401095170e-001; w2(4)=4.6585398922e-001; w2(5)=-2.4027752954e-001; w2(6)=5.1759767593e-001; w2(7)=-3.1290299093e-002; w2(8)=4.9073556752e-001; 

