
%liczba neuronów ukrytych: 8, liczba wejœæ sieci: 4
%wejœcie 1: u(k-3)
%wejœcie 2: u(k-4)
%wejœcie 3: y(k-1)
%wejœcie 4: y(k-2)
%uczenie w trybie OE
w10(1,1)=-2.3468396390e-002; w1(1,1)=-1.9549350176e-001; w1(1,2)=-7.7693649895e-002; w1(1,3)=-1.8783464111e-001; w1(1,4)=-2.7551283302e-001; 
w10(2,1)=-3.8716273586e-002; w1(2,1)=-1.1118288566e-002; w1(2,2)=3.7680040646e-002; w1(2,3)=-5.2905334477e-002; w1(2,4)=-2.7265549987e-001; 
w10(3,1)=-1.9924626657e-001; w1(3,1)=1.5359328450e-002; w1(3,2)=2.4239900895e-001; w1(3,3)=-8.6763468092e-002; w1(3,4)=-3.1215782988e-001; 
w10(4,1)=-2.2320572143e-003; w1(4,1)=8.9221463332e-003; w1(4,2)=-1.1056486289e-001; w1(4,3)=4.2273515179e-002; w1(4,4)=2.5002841681e-001; 
w10(5,1)=3.4210728136e-001; w1(5,1)=-8.5735427200e-002; w1(5,2)=-8.7787226131e-002; w1(5,3)=1.4089023683e-001; w1(5,4)=3.7338307845e-001; 
w10(6,1)=-2.0165287081e-002; w1(6,1)=2.3551992530e-002; w1(6,2)=-1.0137195017e-001; w1(6,3)=-1.6794204562e-002; w1(6,4)=-4.9678408904e-002; 
w10(7,1)=-1.9220991322e-002; w1(7,1)=5.3343284668e-002; w1(7,2)=1.1863678444e-001; w1(7,3)=-5.8662767408e-002; w1(7,4)=-1.8999008630e-001; 
w10(8,1)=5.0691131847e-001; w1(8,1)=-2.0058093030e-001; w1(8,2)=-2.8661547516e-001; w1(8,3)=1.3484478004e-001; w1(8,4)=3.3717396330e-001; 
w20=-4.2154564275e-001; w2(1)=-3.9986198543e-001; w2(2)=-2.9903701878e-001; w2(3)=-2.9602516033e-001; w2(4)=2.1676717069e-001; w2(5)=4.2317959216e-001; w2(6)=-3.6950668595e-002; w2(7)=-2.1321043916e-001; w2(8)=4.5292381856e-001; 

