
%liczba neuronów ukrytych: 6, liczba wejœæ sieci: 4
%wejœcie 1: u(k-3)
%wejœcie 2: u(k-4)
%wejœcie 3: y(k-1)
%wejœcie 4: y(k-2)
%uczenie w trybie OE
w10(1,1)=7.4862890154e-001; w1(1,1)=-1.6546870439e+000; w1(1,2)=4.4621920665e-001; w1(1,3)=1.5860613562e+000; w1(1,4)=-5.1384105372e-001; 
w10(2,1)=-1.0947143286e+000; w1(2,1)=1.9607245339e-002; w1(2,2)=-3.9555480584e-002; w1(2,3)=-9.3657404937e-001; w1(2,4)=2.0278031008e-001; 
w10(3,1)=-6.8495980075e-001; w1(3,1)=1.1142098737e+000; w1(3,2)=-1.2921310176e-001; w1(3,3)=7.8927970966e-001; w1(3,4)=4.6550420159e-003; 
w10(4,1)=1.1553092806e-001; w1(4,1)=5.4219026014e-001; w1(4,2)=-2.0325838051e+000; w1(4,3)=-4.8325185346e-001; w1(4,4)=3.5607636088e-001; 
w10(5,1)=-2.4414099632e-002; w1(5,1)=-3.5408620764e-001; w1(5,2)=1.4342238541e+000; w1(5,3)=9.0943227617e-001; w1(5,4)=-1.2751616064e+000; 
w10(6,1)=4.3273933315e-001; w1(6,1)=4.9119680291e-002; w1(6,2)=2.7606748589e-003; w1(6,3)=-1.1666975174e+000; w1(6,4)=3.1429317442e-001; 
w20=-5.3182363090e-001; w2(1)=8.8096265704e-002; w2(2)=-1.1170105341e+000; w2(3)=1.3071070456e-001; w2(4)=2.0201694370e-001; w2(5)=1.7533404971e-001; w2(6)=-8.7546183407e-001; 

