
%liczba neuronów ukrytych: 5, liczba wejœæ sieci: 4
%wejœcie 1: u(k-3)
%wejœcie 2: u(k-4)
%wejœcie 3: y(k-1)
%wejœcie 4: y(k-2)
%uczenie w trybie OE
w10(1,1)=-5.8992786021e-001; w1(1,1)=1.0695102755e+000; w1(1,2)=1.3302584804e+000; w1(1,3)=-4.3298599045e-001; w1(1,4)=1.3488521198e+000; 
w10(2,1)=-7.0343563953e-002; w1(2,1)=-3.4633120783e-001; w1(2,2)=-1.9205733253e+000; w1(2,3)=-1.1389960761e-001; w1(2,4)=-5.6736661394e-001; 
w10(3,1)=-1.2087573317e+000; w1(3,1)=-2.2255728103e-001; w1(3,2)=-2.1035357502e+000; w1(3,3)=2.4443956279e+000; w1(3,4)=-9.8136242736e-001; 
w10(4,1)=8.3366631343e-002; w1(4,1)=1.6566623002e-002; w1(4,2)=-3.4242927206e-002; w1(4,3)=4.7619064132e-001; w1(4,4)=-1.6008913113e-001; 
w10(5,1)=8.1763182893e-002; w1(5,1)=-5.1504639486e-001; w1(5,2)=-2.1611654060e+000; w1(5,3)=-2.1217339262e+000; w1(5,4)=1.3001578721e+000; 
w20=-2.6965074235e-001; w2(1)=1.4491393991e-001; w2(2)=-2.4954048047e-001; w2(3)=-4.7053688485e-002; w2(4)=3.1087647298e+000; w2(5)=4.2976469647e-001; 

