
%liczba neuronów ukrytych: 4, liczba wejœæ sieci: 4
%wejœcie 1: u(k-3)
%wejœcie 2: u(k-4)
%wejœcie 3: y(k-1)
%wejœcie 4: y(k-2)
%uczenie w trybie ARX
w10(1,1)=-1.7436637876e+000; w1(1,1)=5.2166998843e-001; w1(1,2)=5.5418346651e-001; w1(1,3)=-7.3496403260e-001; w1(1,4)=2.3737294653e+000; 
w10(2,1)=-3.5701290192e-001; w1(2,1)=4.3887021116e-002; w1(2,2)=8.5986339439e-001; w1(2,3)=-3.7838056175e-002; w1(2,4)=-3.4608309807e-001; 
w10(3,1)=-4.1487225307e-001; w1(3,1)=8.8003264936e-002; w1(3,2)=8.0461062431e-001; w1(3,3)=8.5436800864e-001; w1(3,4)=-1.3010200700e+000; 
w10(4,1)=-3.0496604315e-001; w1(4,1)=2.8481809049e-002; w1(4,2)=-5.0011263361e-002; w1(4,3)=-1.1425230643e-001; w1(4,4)=-2.3941747989e-001; 
w20=-5.7401206434e-001; w2(1)=2.3554372241e-001; w2(2)=-1.3599506670e+000; w2(3)=1.0809441925e+000; w2(4)=-2.5564274137e+000; 

