
%liczba neuronów ukrytych: 9, liczba wejœæ sieci: 4
%wejœcie 1: u(k-3)
%wejœcie 2: u(k-4)
%wejœcie 3: y(k-1)
%wejœcie 4: y(k-2)
%uczenie w trybie OE
w10(1,1)=1.8392812077e-001; w1(1,1)=2.7910574127e-001; w1(1,2)=-8.5534100268e-001; w1(1,3)=-1.0588979264e+000; w1(1,4)=1.0593045953e+000; 
w10(2,1)=-6.0293208615e-001; w1(2,1)=1.3173645746e-001; w1(2,2)=3.7911878372e-002; w1(2,3)=3.5057747271e-001; w1(2,4)=-1.0908667280e+000; 
w10(3,1)=-2.1235146826e-002; w1(3,1)=1.0677677962e+000; w1(3,2)=7.0391218259e-001; w1(3,3)=7.6531782048e-001; w1(3,4)=-5.1904025336e-001; 
w10(4,1)=-2.5450819729e-001; w1(4,1)=2.5723582352e-001; w1(4,2)=-1.1533570049e-002; w1(4,3)=-1.4073937765e+000; w1(4,4)=1.0662095587e+000; 
w10(5,1)=9.4597552564e-001; w1(5,1)=1.8399791133e-001; w1(5,2)=-3.3719311380e-001; w1(5,3)=-1.4905902620e-001; w1(5,4)=5.7152095576e-001; 
w10(6,1)=1.2147114156e-001; w1(6,1)=2.8300051518e-001; w1(6,2)=-4.4109777702e-001; w1(6,3)=-2.2545537701e-001; w1(6,4)=7.1046201158e-001; 
w10(7,1)=-3.9439382585e-001; w1(7,1)=2.9289528360e-001; w1(7,2)=-1.1523021211e-001; w1(7,3)=3.6214714260e-001; w1(7,4)=-1.0563815372e+000; 
w10(8,1)=2.6691059578e-001; w1(8,1)=-2.5937090534e-001; w1(8,2)=3.9839566384e-001; w1(8,3)=4.4528556369e-001; w1(8,4)=9.4216724815e-002; 
w10(9,1)=-1.3476972269e+000; w1(9,1)=8.6584073815e-001; w1(9,2)=-7.9181811634e-001; w1(9,3)=-3.0632515827e-001; w1(9,4)=1.4094223649e+000; 
w20=-6.9117195754e-001; w2(1)=-5.5200507716e-001; w2(2)=1.6768088592e-001; w2(3)=-7.8926923909e-002; w2(4)=-7.3924776710e-001; w2(5)=9.7440120515e-001; w2(6)=1.1329162073e+000; w2(7)=3.6657646796e-001; w2(8)=5.4483129279e-001; w2(9)=1.8778362514e-001; 

