
%liczba neuronów ukrytych: 7, liczba wejœæ sieci: 4
%wejœcie 1: u(k-3)
%wejœcie 2: u(k-4)
%wejœcie 3: y(k-1)
%wejœcie 4: y(k-2)
%uczenie w trybie OE
w10(1,1)=-7.6170607694e-001; w1(1,1)=4.4273820739e-002; w1(1,2)=-7.5339646604e-002; w1(1,3)=-2.8700983405e-001; w1(1,4)=-3.8019548549e-001; 
w10(2,1)=2.4162544927e-001; w1(2,1)=1.3158275768e-001; w1(2,2)=-9.4758583684e-001; w1(2,3)=1.1110697291e+000; w1(2,4)=-9.2885750800e-001; 
w10(3,1)=-1.6049424001e+000; w1(3,1)=8.6303544667e-001; w1(3,2)=2.3514534637e-001; w1(3,3)=-3.2616868822e-001; w1(3,4)=1.9203841354e+000; 
w10(4,1)=5.1534121438e-001; w1(4,1)=9.9898471787e-002; w1(4,2)=-1.7039660938e-001; w1(4,3)=-1.3826527394e+000; w1(4,4)=4.1345635857e-001; 
w10(5,1)=-8.2308963343e-001; w1(5,1)=-1.1919627301e-001; w1(5,2)=2.3910236361e-001; w1(5,3)=8.5321611514e-001; w1(5,4)=-1.6595125758e+000; 
w10(6,1)=3.2085589533e-001; w1(6,1)=1.1874956692e+000; w1(6,2)=-1.3634911936e+000; w1(6,3)=-6.8030453822e-001; w1(6,4)=1.0707933097e+000; 
w10(7,1)=-6.9904824830e-001; w1(7,1)=-4.8674703223e-001; w1(7,2)=-5.5653015949e-001; w1(7,3)=-8.0301318912e-001; w1(7,4)=-9.2629088987e-001; 
w20=-5.8988871225e-001; w2(1)=-1.9982181601e+000; w2(2)=3.4423970416e-001; w2(3)=1.6415524808e-001; w2(4)=-4.0685560238e-001; w2(5)=7.1385252861e-001; w2(6)=9.8641916929e-002; w2(7)=-3.7102292472e-002; 

