
%liczba neuronów ukrytych: 7, liczba wejœæ sieci: 4
%wejœcie 1: u(k-3)
%wejœcie 2: u(k-4)
%wejœcie 3: y(k-1)
%wejœcie 4: y(k-2)
%uczenie w trybie OE
w10(1,1)=-1.7567068415e-001; w1(1,1)=5.3633259502e-002; w1(1,2)=2.3519335025e-001; w1(1,3)=-1.4260711462e-001; w1(1,4)=-6.1559839584e-001; 
w10(2,1)=1.4887541233e+000; w1(2,1)=-3.6856252780e-001; w1(2,2)=-6.0425870790e-001; w1(2,3)=1.2743536291e-001; w1(2,4)=3.7612340118e-001; 
w10(3,1)=-1.2606547862e-001; w1(3,1)=-4.3509884063e-002; w1(3,2)=9.5763316253e-002; w1(3,3)=-8.1689446091e-002; w1(3,4)=-5.3704443681e-001; 
w10(4,1)=2.3635099669e-003; w1(4,1)=-1.2976682226e-001; w1(4,2)=6.6217401315e-002; w1(4,3)=-8.6448778915e-003; w1(4,4)=-2.1817079505e-001; 
w10(5,1)=-1.0124502023e-002; w1(5,1)=1.0944333581e-001; w1(5,2)=-2.5929289468e-003; w1(5,3)=5.5930553809e-002; w1(5,4)=1.6473027783e-001; 
w10(6,1)=-6.8940982285e-002; w1(6,1)=-4.0436888563e-002; w1(6,2)=-2.3630952406e-001; w1(6,3)=1.2517314441e-001; w1(6,4)=2.0945330409e-001; 
w10(7,1)=1.1370701780e-002; w1(7,1)=-4.4853240420e-002; w1(7,2)=1.5094285591e-001; w1(7,3)=-1.8116991030e-001; w1(7,4)=-3.3260964215e-001; 
w20=-4.9935840867e-001; w2(1)=-4.5761783412e-001; w2(2)=4.2520564589e-001; w2(3)=-4.7447147145e-001; w2(4)=-2.1266760658e-001; w2(5)=1.7048210375e-001; w2(6)=8.2340239797e-002; w2(7)=-2.5887371403e-001; 

