
%liczba neuronów ukrytych: 2, liczba wejœæ sieci: 4
%wejœcie 1: u(k-3)
%wejœcie 2: u(k-4)
%wejœcie 3: y(k-1)
%wejœcie 4: y(k-2)
%uczenie w trybie OE
w10(1,1)=1.4406493697e-001; w1(1,1)=-3.9735441169e-002; w1(1,2)=-2.4664609632e-001; w1(1,3)=1.2788555553e+000; w1(1,4)=-1.1273089851e+000; 
w10(2,1)=-2.9159310387e-001; w1(2,1)=3.1367008330e-002; w1(2,2)=8.4459664475e-002; w1(2,3)=-3.8995672651e-001; w1(2,4)=4.7688401922e-001; 
w20=1.4297729845e+000; w2(1)=2.9120079447e+000; w2(2)=6.5103039074e+000; 

