
%liczba neuronów ukrytych: 7, liczba wejœæ sieci: 4
%wejœcie 1: u(k-3)
%wejœcie 2: u(k-4)
%wejœcie 3: y(k-1)
%wejœcie 4: y(k-2)
%uczenie w trybie ARX
w10(1,1)=-3.0355520516e-002; w1(1,1)=-5.2309875231e-001; w1(1,2)=-1.0766953705e+000; w1(1,3)=-1.4325644390e+000; w1(1,4)=6.6749299149e-001; 
w10(2,1)=-7.4278020883e-001; w1(2,1)=-4.4229972879e-001; w1(2,2)=8.9428648896e-002; w1(2,3)=1.6913639937e-001; w1(2,4)=6.8227977045e-001; 
w10(3,1)=2.1931598318e-001; w1(3,1)=6.7104738710e-002; w1(3,2)=-6.1423701808e-001; w1(3,3)=1.3308056592e+000; w1(3,4)=-9.8445028370e-001; 
w10(4,1)=1.6736254342e-001; w1(4,1)=-4.3982903295e-001; w1(4,2)=-6.1227565990e-001; w1(4,3)=-1.8866141836e-001; w1(4,4)=-2.8100633894e-001; 
w10(5,1)=1.0331123156e+000; w1(5,1)=1.3721006000e-002; w1(5,2)=2.6441653658e-001; w1(5,3)=5.4634305871e-001; w1(5,4)=2.4113558716e-001; 
w10(6,1)=-1.0533068866e+000; w1(6,1)=-9.5945927315e-001; w1(6,2)=-8.7718576816e-001; w1(6,3)=2.9739292128e-002; w1(6,4)=2.2105352016e-001; 
w10(7,1)=-3.8721944580e-001; w1(7,1)=1.9615313576e-001; w1(7,2)=-1.2650825680e-001; w1(7,3)=-3.2108051181e-001; w1(7,4)=8.7988736411e-003; 
w20=-5.3407740249e-001; w2(1)=7.7415174448e-001; w2(2)=3.7804932817e-001; w2(3)=8.4384076461e-001; w2(4)=-1.2959207053e+000; w2(5)=3.2575743277e-001; w2(6)=-1.9067185219e-001; w2(7)=-1.1614581975e+000; 

