
%liczba neuronów ukrytych: 10, liczba wejœæ sieci: 4
%wejœcie 1: u(k-3)
%wejœcie 2: u(k-4)
%wejœcie 3: y(k-1)
%wejœcie 4: y(k-2)
%uczenie w trybie OE
w10(1,1)=8.7480279455e-002; w1(1,1)=5.3484681894e-001; w1(1,2)=1.0709158279e+000; w1(1,3)=8.6609302730e-001; w1(1,4)=-2.7115523035e-001; 
w10(2,1)=5.2880396966e-001; w1(2,1)=5.8073624623e-001; w1(2,2)=-7.1904546242e-001; w1(2,3)=7.5352587617e-001; w1(2,4)=-2.4030797652e-001; 
w10(3,1)=-1.0109430600e-001; w1(3,1)=-8.0646665305e-001; w1(3,2)=-5.6285409100e-001; w1(3,3)=-3.3568227154e-001; w1(3,4)=-3.0085452239e-001; 
w10(4,1)=-9.8286832876e-001; w1(4,1)=-1.1744868308e+000; w1(4,2)=-1.3305824656e+000; w1(4,3)=-1.6651454407e-001; w1(4,4)=3.3359750350e-001; 
w10(5,1)=4.3536302700e-001; w1(5,1)=3.0002126461e-001; w1(5,2)=-2.0841923822e-001; w1(5,3)=-8.7011058961e-001; w1(5,4)=3.9802168835e-001; 
w10(6,1)=8.8796671442e-001; w1(6,1)=-7.5814252651e-002; w1(6,2)=-1.2564844386e+000; w1(6,3)=5.8633417158e-001; w1(6,4)=5.1234840440e-001; 
w10(7,1)=7.7686879775e-001; w1(7,1)=-3.8688800201e-001; w1(7,2)=4.8091572967e-001; w1(7,3)=4.9627507245e-001; w1(7,4)=1.7683159366e-001; 
w10(8,1)=-1.0284324273e+000; w1(8,1)=1.1161965318e+000; w1(8,2)=-3.5375759720e-001; w1(8,3)=3.9112113880e-001; w1(8,4)=4.3134623138e-001; 
w10(9,1)=-6.4287618926e-001; w1(9,1)=-7.9678236698e-001; w1(9,2)=1.0204986530e+000; w1(9,3)=5.9701447860e-002; w1(9,4)=-9.7693406783e-001; 
w10(10,1)=-5.8363245138e-001; w1(10,1)=-1.2009630191e+000; w1(10,2)=-1.4261222510e+000; w1(10,3)=-6.7135333654e-001; w1(10,4)=-6.4498649407e-002; 
w20=-9.7531488175e-002; w2(1)=-4.0964084834e-001; w2(2)=8.8311239029e-001; w2(3)=-3.8999538206e-001; w2(4)=-5.1870949055e-002; w2(5)=-1.1242541921e+000; w2(6)=3.5026995268e-002; w2(7)=6.3996617405e-001; w2(8)=2.3177737948e-001; w2(9)=2.9441991885e-001; w2(10)=1.3506373472e-002; 

